[array([ 13162., -18350.,  15520.,   6057.,  -3830.,   1380.,    933.,
         1764.,   -838.,   -189.]), array([ 13612., -19660.,  17915.,  -1077.,  -1871.,    835.,    130.,
          670.,    -53.,    -44.]), array([  9857., -17714.,  13251.,  -2577.,   -158.,    292.,   1717.,
        -1184.,   1037.,    205.]), array([ 14733., -15613.,  17867.,   2223.,  -6329.,   2219.,  -3768.,
         4650.,  -2818.,   -630.]), array([ 11361., -17236.,  18456.,    652.,  -4262.,    233.,  -5429.,
         2401.,  -2100.,   -437.]), array([ 12364., -18442.,  15186.,   2652.,  -4227.,   2127.,   -636.,
         2302.,  -1122.,   -267.]), array([ 14664., -20994.,  19530.,   3517.,  -4535.,     95.,  -2011.,
         1713.,  -1511.,   -295.]), array([ 16791., -18902.,  19137.,  -1497.,  -7392.,   4207.,  -2675.,
         4308.,  -2347.,   -540.]), array([ 10282., -18264.,  17601.,   1210.,  -2134.,    892.,  -3134.,
         1569.,   -870.,   -224.]), array([ 13563., -17753.,  16199.,  -5173.,  -4794.,   2916.,  -1133.,
         1434.,   -794.,   -180.]), array([ 12528., -19445.,  17579.,   2442.,  -2403.,   1159.,   -689.,
         1486.,   -549.,   -157.]), array([ 13447., -16722.,  17662.,  -2328.,  -5246.,   2050.,  -3453.,
         2710.,  -1826.,   -399.]), array([  9458., -15426.,  16124.,   2279.,  -5150.,   1619.,  -5795.,
         3673.,  -2583.,   -568.]), array([ 12666., -18882.,  15348.,   1868.,  -4133.,   2401.,   -274.,
         2118.,   -922.,   -229.]), array([ 14080., -22013.,  17115.,   4853.,  -3824.,   1884.,   1511.,
         1355.,   -443.,   -113.]), array([ 11013., -17181.,  15109.,   -575.,  -4041.,   1827.,  -1976.,
         1600.,  -1050.,   -231.]), array([ 14657., -17851.,  17205.,   2236.,  -4868.,   1495.,  -1195.,
         2930.,  -1668.,   -373.]), array([ 11013., -17181.,  15109.,   -575.,  -4041.,   1827.,  -1976.,
         1600.,  -1050.,   -231.]), array([ 14657., -17851.,  17205.,   2236.,  -4868.,   1495.,  -1195.,
         2930.,  -1668.,   -373.]), array([ 11013., -17181.,  15109.,   -575.,  -4041.,   1827.,  -1976.,
         1600.,  -1050.,   -231.]), array([ 14657., -17851.,  17205.,   2236.,  -4868.,   1495.,  -1195.,
         2930.,  -1668.,   -373.]), array([ 13344., -22229.,  15040.,   2042.,  -1337.,    826.,   4787.,
        -1706.,   1416.,    311.]), array([ 11633., -17291.,  15253.,   1799.,  -3481.,    880.,  -1049.,
         1407.,   -939.,   -200.]), array([  9795., -19153.,  15571.,   1734.,   1434.,   -960.,    965.,
         -836.,    973.,    165.]), array([ 10041., -15176.,  15688.,  -1602.,  -5635.,   2322.,  -5292.,
         3199.,  -2308.,   -501.]), array([ 11196., -16244.,  14498.,    743.,  -2954.,   1034.,   -853.,
         1490.,   -785.,   -185.]), array([ 11094., -15072.,  13786.,    875.,  -3859.,   1494.,  -1237.,
         2008.,  -1170.,   -262.]), array([ 13283., -19518.,  17163.,   2297.,  -3095.,   1255.,   -777.,
         2052.,   -902.,   -231.]), array([ 10023., -20027.,  12118.,   9373.,  -3381.,   1450.,   1769.,
         1230.,   -474.,   -108.]), array([ 17414., -18257.,  22717.,   2934.,  -4323.,    329.,  -4277.,
         4740.,  -2696.,   -632.]), array([ 10626., -17066.,  13019.,   1680.,  -2988.,   1414.,    811.,
          688.,   -260.,    -60.]), array([ 12725., -16241.,  16124.,    957.,  -4796.,   1631.,  -2558.,
         2793.,  -1771.,   -390.]), array([ 13824., -16158.,  17068.,    165.,  -5633.,   3011.,  -2703.,
         3913.,  -2082.,   -490.]), array([ 14285., -15430.,  18011.,   -142.,  -9404.,   3960.,  -6484.,
         6259.,  -4093.,   -893.]), array([ 14739., -21660.,  16528.,   6243.,  -3563.,    618.,   1259.,
         1983.,   -886.,   -206.]), array([ 16896., -15555.,  22304.,   1381., -10479.,   2233.,  -9695.,
         7291.,  -5432.,  -1143.]), array([ 17386., -19794.,  21461.,   3313.,  -7915.,   2321.,  -4433.,
         5355.,  -3430.,   -748.]), array([ 11347., -20314.,  14455.,    -56.,  -5038.,   4494.,    -48.,
         2123.,   -675.,   -194.]), array([ 12227., -20426.,  12274.,   3115.,  -4239.,   3522.,   4061.,
          488.,    332.,     57.]), array([ 13200., -21174.,  15031.,    533.,  -4327.,   2508.,   1292.,
          923.,   -310.,    -72.]), array([ 19131., -22419.,  22304.,   3340.,  -4792.,    404.,   -784.,
         2553.,  -1594.,   -341.]), array([ 10933., -21980.,  15150.,   1148.,  -5011.,   2326.,   -855.,
          746.,   -724.,   -131.]), array([ 13308., -20359.,  15069.,   -665.,  -7976.,   4506.,  -1055.,
         2576.,  -1680.,   -344.]), array([ 18236., -20369.,  17742.,   3606.,  -9728.,   4549.,   -709.,
         4884.,  -2865.,   -612.]), array([ 16162., -20735.,  15748.,    -63.,  -6759.,   4324.,   1534.,
         2827.,  -1159.,   -274.]), array([ 12432., -22332.,  16486.,   3499.,  -5046.,   1707.,   -608.,
         1255.,  -1002.,   -192.]), array([ 10021., -23054.,  14906.,  -1899.,  -1706.,   2293.,   1198.,
         -626.,    873.,    152.]), array([ 18885., -23366.,  18387.,    292.,  -4773.,   1718.,   3643.,
         1036.,   -248.,    -49.]), array([ 15694., -24517.,  17303.,   -459.,  -3926.,   2005.,   2883.,
         -568.,    460.,    119.]), array([ 13874., -16071.,  18912.,   -512.,  -6648.,   2975.,  -5876.,
         4784.,  -3015.,   -680.]), array([ 21189., -17345.,  25140.,   4614.,  -7002.,  -1582.,  -6258.,
         6027.,  -4432.,   -929.]), array([ 12901., -18938.,  19801.,  -5472.,  -2725.,   2712.,  -3313.,
         2286.,   -806.,   -256.]), array([ 11025., -18621.,  13729.,   6058.,  -3598.,   1738.,   1298.,
         1283.,   -512.,   -119.]), array([ 13478., -18189.,  18223.,   1921.,  -1880.,   -213.,  -1403.,
         1932.,   -922.,   -236.]), array([ 10659., -15938.,  15254.,    622.,  -3660.,   1065.,  -2629.,
         1875.,  -1306.,   -285.]), array([ 16778., -14997.,  20077.,   2062.,  -7276.,   2167.,  -5157.,
         5870.,  -3633.,   -809.]), array([ 13927., -18647.,  17133.,   2443.,  -7136.,   2359.,  -2846.,
         3615.,  -2495.,   -522.]), array([ 16112., -22769.,  19074.,   3495.,  -3062.,   1627.,   2187.,
         1023.,    -64.,    -44.]), array([ 14074., -16019.,  14915.,   1752.,  -6580.,   2180.,  -1329.,
         3392.,  -2176.,   -457.]), array([ 11087., -16613.,  13336.,   -624.,  -2844.,   1896.,    625.,
          984.,   -224.,    -74.]), array([ 14306., -16217.,  21683.,   1152.,  -6972.,   2299.,  -8084.,
         5899.,  -3863.,   -867.]), array([ 15600., -19651.,  17882.,   3874.,  -6463.,   1414.,  -1968.,
         3391.,  -2326.,   -483.]), array([ 11755., -16737.,  17284.,   -558.,  -5020.,   2554.,  -4173.,
         3329.,  -1988.,   -461.]), array([ 19269., -16375.,  24201.,   1286.,  -8093.,    287.,  -8054.,
         6373.,  -4669.,   -990.]), array([ 16555., -17459.,  22931.,  -2370.,  -7258.,   1744.,  -7462.,
         5061.,  -3614.,   -783.]), array([ 11072., -17426.,  17423.,   2312.,  -4930.,   1904.,  -5135.,
         3760.,  -2380.,   -543.]), array([  9569., -23667.,  17560.,   2621.,   -270.,   -315.,   -351.,
         -994.,    628.,    123.]), array([ 16589., -19563.,  18420.,  -1910.,  -3694.,   1291.,    527.,
         1600.,   -668.,   -163.]), array([ 1.4183e+04, -2.1894e+04,  1.5015e+04,  3.6250e+03, -4.0560e+03,
        3.1140e+03,  3.5550e+03,  1.0470e+03,  9.1000e+01, -1.0000e+01]), array([ 13161., -21971.,  16796.,    421.,  -4425.,   2010.,   -402.,
         1063.,   -663.,   -139.]), array([ 13205., -24703.,  16554.,   3065.,     69.,   -864.,   4106.,
        -2166.,   1550.,    342.]), array([ 18951., -20966.,  16995.,   4106.,  -8586.,   4310.,   1648.,
         4277.,  -2128.,   -469.]), array([ 14458., -21228.,  15104.,     25.,  -6678.,   4119.,   1072.,
         2071.,   -988.,   -215.]), array([ 15052., -22830.,  17379.,   4627.,  -5487.,   2114.,    593.,
         2142.,  -1174.,   -251.]), array([ 17239., -21856.,  22453.,  -1179.,  -6985.,   2917.,  -4555.,
         4373.,  -2677.,   -604.]), array([ 17302., -23850.,  19827.,   -651.,  -5911.,   3805.,    744.,
         2572.,   -967.,   -247.]), array([ 13803., -24055.,  15959.,   -465.,  -4346.,   2931.,   2435.,
         -545.,    450.,    114.]), array([ 1.5514e+04, -2.6576e+04,  1.8951e+04,  4.7100e+03, -2.3860e+03,
        2.6660e+03,  3.9320e+03, -5.0000e+00,  9.0200e+02,  1.4600e+02]), array([ 15923., -18135.,  20389.,   4746.,  -7037.,   1295.,  -4643.,
         5139.,  -3413.,   -738.]), array([ 10692., -18957.,  19420.,    494.,  -2152.,    207.,  -5182.,
         2050.,  -1389.,   -334.]), array([  9434., -15178.,  14844.,    446.,  -6327.,   1704.,  -5431.,
         2971.,  -2579.,   -521.]), array([ 11574., -15403.,  11420.,  -4227.,  -5364.,   3715.,    341.,
         1494.,   -704.,   -156.]), array([ 12820., -17396.,  18627.,   1349.,  -2727.,  -1142.,  -3508.,
         1561.,  -1467.,   -299.]), array([ 1.2139e+04, -2.2512e+04,  1.4359e+04,  7.7440e+03, -1.7210e+03,
        1.3450e+03,  3.3790e+03,  8.6200e+02,  3.3100e+02,  2.1000e+01]), array([ 14703., -11436.,  17869.,  -5556.,  -6075.,    489.,  -5920.,
         3484.,  -2943.,   -599.]), array([ 10364., -19560.,  11662.,  -2744.,  -3424.,   3875.,   2421.,
          181.,    562.,     86.]), array([ 18919., -14334.,  20348.,   3660., -13292.,   3578.,  -9088.,
         9415.,  -6568.,  -1388.]), array([ 1.5091e+04, -2.4316e+04,  1.5769e+04,  5.1970e+03, -4.8100e+03,
        1.9000e+03,  3.4900e+03,  7.7000e+01, -8.0000e+00,  3.3000e+01]), array([ 12586., -23528.,  17650.,  -5354.,  -1785.,   1836.,   1326.,
        -1206.,   1046.,    207.]), array([ 1.2037e+04, -1.7095e+04,  1.6099e+04, -4.0500e+03, -1.1440e+03,
        3.6000e+01, -6.8900e+02, -1.3000e+01,  7.9000e+01,  2.0000e+00]), array([ 13831., -22493.,  14904.,   3764.,  -4988.,   2244.,   2260.,
          486.,   -292.,    -35.]), array([ 18493., -18596.,  21971.,   1526.,  -5879.,   -993.,  -4044.,
         3656.,  -2943.,   -595.]), array([ 13700., -21848.,  19159.,   2438.,  -6008.,   3666.,  -2907.,
         3566.,  -1888.,   -449.]), array([ 17448., -23195.,  18105.,    776.,  -7773.,   5002.,    639.,
         3839.,  -1679.,   -401.]), array([ 14215., -18480.,  15845.,   3488.,  -4760.,   2543.,    313.,
         2972.,  -1280.,   -314.]), array([ 16680., -21333.,  20561.,  -2602.,  -3127.,   2395.,    843.,
          997.,    -24.,    -49.]), array([ 12697., -18827.,  14814.,   1259.,  -2304.,   1020.,   1468.,
          892.,    -97.,    -48.]), array([ 13969., -22966.,  23848.,   1030.,  -1007.,   -322.,  -3398.,
         1143.,   -588.,   -173.]), array([ 15980., -18404.,  18344.,   1410.,  -8193.,   1386.,  -3136.,
         3143.,  -2818.,   -535.]), array([ 15198., -15475.,  19054.,  -6085.,  -8691.,   4363.,  -6128.,
         4879.,  -3258.,   -711.]), array([ 16451., -19674.,  20849.,  -2191.,  -4115.,    862.,  -2627.,
         2604.,  -1558.,   -357.]), array([ 14920., -26735.,  19984.,   1194.,  -2951.,   1641.,   1174.,
          167.,    223.,     29.]), array([ 11891., -16791.,  17433.,  -3085.,  -3041.,    364.,  -3272.,
         1111.,  -1038.,   -217.]), array([ 14001., -13006.,  13598.,  -1313.,  -8374.,   1439.,  -3945.,
         4253.,  -3401.,   -674.]), array([  7847., -17639.,  10095.,   6054.,  -6599.,   4410.,   -708.,
         3048.,  -1626.,   -364.]), array([ 13218., -25467.,  20066.,   5223.,   -350.,    917.,   1758.,
         -172.,    850.,    123.]), array([ 10814., -23424.,  18747.,   5054.,  -1899.,   1141.,  -1066.,
          486.,   -111.,    -53.]), array([ 10313., -17320.,  12376.,  -3989.,   -525.,   1599.,   3342.,
        -1719.,   1577.,    318.]), array([ 15285., -17726.,  17458.,    839.,  -5581.,   2676.,  -1210.,
         2931.,  -1613.,   -364.]), array([ 11544., -16283.,  16937.,  -9464.,  -4198.,   1254.,  -4047.,
          598.,  -1012.,   -188.]), array([ 11099., -19403.,  17468.,   7090.,  -5183.,   2015.,  -3828.,
         3308.,  -2147.,   -477.]), array([ 17161., -18534.,  21751.,  -4776.,  -4451.,   2207.,  -3096.,
         2709.,  -1464.,   -354.]), array([ 15974., -19448.,  15531.,   1096.,  -6272.,   2688.,   1978.,
         1930.,  -1037.,   -206.]), array([ 12759., -24861.,  15864.,   3329.,  -4702.,   4669.,   2391.,
         1240.,     76.,    -32.]), array([ 10566., -16046.,  13764.,   -404.,  -3729.,   1308.,  -1613.,
         1667.,  -1074.,   -235.]), array([ 19787., -19960.,  20245.,   5480.,  -9840.,   2979.,  -2067.,
         5518.,  -3585.,   -749.]), array([ 13546., -22315.,  13678.,   1843.,  -3002.,   1815.,   5141.,
        -1336.,   1103.,    260.]), array([ 15837., -22265.,  21737.,   9240.,  -8612.,   2284.,  -5715.,
         5933.,  -4005.,   -862.]), array([ 14257., -19774.,  17040.,  -3587.,  -6176.,   3324.,  -1224.,
         1957.,  -1225.,   -260.]), array([ 12162., -15855.,  15891.,   4997.,  -6097.,    269.,  -4983.,
         4229.,  -3196.,   -665.]), array([ 20738., -15430.,  26441.,  -7854.,  -4219.,   -944.,  -6711.,
         3873.,  -2818.,   -620.]), array([ 14832., -23399.,  19789.,    174.,   -733.,   -775.,    753.,
         -623.,    477.,     95.]), array([ 12898., -18269.,  19654.,  -2280.,  -2726.,   -466.,  -4122.,
         1447.,  -1303.,   -278.]), array([ 17150., -25922.,  21400.,   1357.,  -5164.,   2357.,   -325.,
         2075.,  -1016.,   -238.]), array([ 11109., -19109.,  14932.,   3945.,  -5334.,   3666.,  -1971.,
         3856.,  -1785.,   -445.]), array([  9375., -19645.,  15063.,  -3280.,  -2798.,   2915.,   -694.,
         -304.,    331.,     54.]), array([ 18354., -15920.,  24492.,  -4185.,  -6697.,    248.,  -8543.,
         5425.,  -4005.,   -863.]), array([ 13152., -21776.,  16866.,  -4507.,  -2904.,   1660.,   1362.,
        -1584.,    800.,    202.]), array([ 13577., -24258.,  17131.,    194.,  -5339.,   6168.,   1625.,
         1599.,     26.,    -63.]), array([ 19036., -22234.,  24527.,   8146.,  -6583.,    832.,  -4052.,
         5700.,  -3444.,   -771.]), array([ 13986., -25029.,  18286.,  -2193.,    235.,   -236.,   3806.,
        -2815.,   1977.,    428.]), array([ 12079., -21281.,  13495.,  -1294.,  -6477.,   4358.,    983.,
         1016.,   -551.,   -103.]), array([ 1.3391e+04, -2.3485e+04,  1.9934e+04, -1.8600e+02, -2.0450e+03,
        2.2110e+03, -9.9000e+01,  4.9000e+02,  2.5900e+02,  2.0000e+00]), array([ 14420., -24711.,  21547.,   2684.,  -3594.,   2255.,  -2188.,
         2465.,  -1038.,   -284.]), array([ 8.5680e+03, -1.9588e+04,  1.6362e+04, -2.9220e+03,  6.5000e+01,
       -1.8000e+01, -1.6650e+03, -7.9900e+02,  5.4200e+02,  9.0000e+01]), array([  8891., -17305.,  16052.,  -2527.,   -134.,   -470.,  -1729.,
        -1013.,    416.,     87.]), array([ 16744., -14031.,  21309.,  -3015.,  -8961.,   3064.,  -7915.,
         6429.,  -4354.,   -949.]), array([ 1.5068e+04, -2.5408e+04,  1.7869e+04, -5.0300e+02, -4.5040e+03,
        2.7310e+03,  2.1150e+03,  1.1000e+01,  1.9300e+02,  4.8000e+01]), array([ 12473., -26286.,  14439.,   3424.,  -1580.,   2881.,   5920.,
        -1040.,   1725.,    322.]), array([ 12025., -19120.,  14945.,  -3573.,   -583.,   -201.,   1455.,
        -1281.,    876.,    189.]), array([ 16837., -19797.,  23297.,   6759.,  -7204.,    304.,  -7029.,
         6160.,  -4260.,   -922.]), array([ 13843., -17963.,  16923.,   7067.,  -8166.,   4200.,  -3673.,
         6154.,  -3412.,   -782.]), array([ 15189., -22192.,  21210.,   2169.,  -1044.,    166.,    253.,
          645.,     70.,    -30.]), array([ 22170., -17399.,  24003.,  -4378.,  -9595.,   2323.,  -5557.,
         6013.,  -4132.,   -876.]), array([ 18021., -15127.,  20514.,  -3300.,  -6524.,   1848.,  -4425.,
         4775.,  -2978.,   -662.]), array([ 15150., -26695.,  19616.,    766.,  -1359.,   1279.,   3250.,
        -1028.,   1209.,    232.]), array([ 7.9540e+03, -2.2774e+04,  8.7990e+03,  6.1500e+03, -1.0000e+00,
        2.3060e+03,  8.1950e+03, -3.1870e+03,  2.8610e+03,  6.0000e+02]), array([ 12024., -27717.,  19034.,   2797.,   -162.,   1032.,   2491.,
        -1734.,   1583.,    307.]), array([ 14255., -16340.,  16390.,   6738.,  -7706.,   1514.,  -4077.,
         5769.,  -3758.,   -808.]), array([ 16964., -22210.,  25058.,  -1283.,  -4862.,    723.,  -5881.,
         3522.,  -2424.,   -544.]), array([ 13914., -21039.,  17664.,   5849.,  -5211.,   1156.,  -1701.,
         2702.,  -1807.,   -382.]), array([ 14511., -15739.,  16511.,   4206.,  -9131.,   3402.,  -4977.,
         6131.,  -3971.,   -858.]), array([ 19421., -22878.,  25255.,   1458.,  -2436.,  -1013.,  -1250.,
         1304.,   -868.,   -193.]), array([ 13775., -22560.,  15703.,   -955.,  -2778.,   2894.,   3164.,
          219.,    673.,    101.]), array([ 14856., -16395.,  17252.,  -6216.,  -8043.,   4441.,  -4189.,
         4623.,  -2740.,   -617.]), array([ 20712., -16926.,  19597.,  -3310., -10085.,   4455.,  -2731.,
         5902.,  -3510.,   -765.]), array([ 17349., -18185.,  19122.,  -5011.,  -3295.,   1162.,    658.,
          879.,   -319.,    -79.]), array([ 16203., -17410.,  25005.,   3122.,  -5909.,   -994.,  -9393.,
         5837.,  -4351.,   -940.]), array([ 10835., -17794.,  19592.,  -6491.,  -1557.,   -145.,  -5336.,
          596.,   -774.,   -179.]), array([ 10019., -19685.,  16237.,   2968.,  -2095.,    625.,  -2212.,
         1190.,   -686.,   -172.]), array([ 14180., -21991.,  17075.,   1375.,    300.,    722.,   4581.,
        -1121.,   1616.,    296.]), array([ 12304., -20209.,  13859.,   4484.,  -7737.,   3902.,  -1141.,
         3756.,  -2207.,   -477.]), array([ 13491., -21707.,  18775.,   3162.,  -6022.,   1349.,  -3050.,
         2291.,  -1953.,   -387.]), array([ 12364., -14537.,  16290.,   -656.,  -7975.,   3116.,  -5620.,
         4749.,  -3313.,   -708.]), array([ 15320., -13285.,  14600.,  -2309.,  -8146.,   3239.,  -2664.,
         4813.,  -2993.,   -644.]), array([ 12268., -16787.,  18323.,   1490.,  -3986.,    -36.,  -4610.,
         3171.,  -2241.,   -491.]), array([ 1.3437e+04, -2.3867e+04,  2.2148e+04,  2.2920e+03,  3.1400e+02,
       -3.6800e+02, -6.0600e+02, -6.0000e+00,  4.5000e+02,  4.1000e+01]), array([ 14638., -23798.,  21805.,   8241.,  -3376.,   1083.,  -1714.,
         2903.,  -1376.,   -347.]), array([ 15086., -24378.,  22485.,  -1534.,  -1974.,   1228.,  -1522.,
          678.,   -104.,    -67.]), array([ 15240., -23402.,  16043.,   -184.,  -2967.,    810.,   3569.,
         -788.,    606.,    153.]), array([ 16081., -16591.,  15285.,   3667.,  -9163.,   3091.,  -2454.,
         5642.,  -3545.,   -755.]), array([ 15131., -19898.,  17597.,  -5415.,  -6589.,   4289.,   -847.,
         1812.,  -1022.,   -222.]), array([ 15922., -12470.,  21725.,  -3223.,  -8323.,    494., -10318.,
         6607.,  -5061.,  -1070.]), array([ 10038., -26885.,  10221.,    528.,   2203.,   2349.,  11531.,
        -5766.,   4839.,   1012.]), array([ 1.3759e+04, -2.1277e+04,  1.7720e+04,  6.2540e+03, -1.7770e+03,
       -1.2160e+03,  1.3110e+03, -9.0000e+00, -1.3000e+02, -6.0000e+00]), array([ 13263., -23085.,  18756.,   4454.,  -4572.,   1480.,  -2046.,
         2218.,  -1407.,   -311.]), array([ 10165., -21877.,  15725.,   4755.,  -5130.,   2137.,  -2527.,
         2211.,  -1523.,   -327.]), array([ 15207., -22582.,  18673.,  -4603.,  -1697.,   1330.,   2514.,
        -1154.,   1081.,    219.]), array([ 15989., -17882.,  21896.,  -1521.,  -6484.,   2630.,  -5757.,
         4776.,  -2952.,   -672.]), array([ 14563., -15841.,  17025.,    -37.,  -6017.,   1835.,  -2921.,
         3532.,  -2313.,   -498.]), array([ 13982., -21017.,  17024.,   1349.,  -4548.,    855.,    153.,
          720.,   -757.,   -126.]), array([ 10039., -20217.,  13117.,   6323.,  -3452.,   1758.,   1030.,
         1548.,   -568.,   -144.]), array([ 16806., -26471.,  19673.,   9674.,  -4478.,   1807.,   1895.,
         2649.,   -971.,   -247.]), array([ 15125., -16979.,  18317.,  -4731.,  -2841.,   1306.,  -1351.,
         1767.,   -748.,   -201.]), array([  6737., -18343.,  11712.,  -3297.,  -2838.,   3708.,   -487.,
         -293.,    451.,     71.]), array([ 14194., -19613.,  19987.,  -1834.,  -5733.,   2601.,  -5102.,
         4113.,  -2448.,   -569.]), array([ 1.1958e+04, -2.7777e+04,  1.4951e+04,  8.4270e+03,  1.4580e+03,
       -1.7000e+01,  7.3730e+03, -2.7990e+03,  2.6490e+03,  5.3800e+02]), array([ 1.9319e+04, -2.2735e+04,  2.6133e+04, -3.4650e+03, -3.0570e+03,
        5.0000e+00, -2.8310e+03,  1.6780e+03, -1.0770e+03, -2.5200e+02]), array([ 16331., -21442.,  25336.,  -3234.,  -2514.,   -597.,  -5107.,
         1832.,  -1420.,   -325.]), array([ 12818., -15334.,  17284.,  -2644.,  -3471.,    237.,  -3226.,
         1855.,  -1437.,   -306.]), array([ 15653., -21067.,  14891.,   -845.,  -7360.,   5233.,   1797.,
         2896.,  -1114.,   -268.]), array([ 12384., -16472.,  16336.,  -4245.,  -6932.,   4185.,  -4615.,
         3993.,  -2393.,   -546.]), array([ 16851., -16071.,  21344.,  -4908.,  -7162.,   2424.,  -6543.,
         4861.,  -3283.,   -722.]), array([ 16569., -17529.,  18615.,  -4434., -10107.,   6322.,  -4146.,
         5660.,  -3234.,   -730.]), array([ 13849., -20146.,  15525.,  -3432.,  -5216.,   4818.,   1060.,
         1624.,   -309.,   -110.]), array([ 17572., -22588.,  20655.,   4341.,  -5716.,   2001.,   -423.,
         3089.,  -1668.,   -374.]), array([ 17394., -23056.,  23409.,   8595.,  -7206.,   1031.,  -4853.,
         5524.,  -3609.,   -787.]), array([ 16625., -20614.,  17705.,    136.,  -5289.,   1026.,    649.,
         1681.,  -1145.,   -221.]), array([ 19551., -17682.,  24679.,  -5199.,  -7566.,   2037.,  -6781.,
         5497.,  -3635.,   -803.]), array([ 13011., -18972.,  15186.,   2585.,  -7953.,   3289.,  -1794.,
         3039.,  -2216.,   -443.]), array([ 21159., -23285.,  22909.,    721.,  -7832.,   2946.,   -978.,
         3951.,  -2298.,   -499.]), array([ 11408., -20737.,  13925.,   2117.,  -3407.,   2164.,   1921.,
          156.,    151.,     31.]), array([ 12419., -16666.,  16186.,  -1390.,  -6330.,   3448.,  -3057.,
         3070.,  -1922.,   -424.]), array([  8691., -19531.,  14041.,   1052.,  -3011.,   2658.,  -1005.,
         1037.,   -312.,   -103.]), array([ 14351., -23844.,  19233.,   3637.,    271.,  -1914.,   2606.,
        -1759.,   1075.,    246.]), array([ 18869., -14115.,  25856.,   1163.,  -8178.,   -749., -11427.,
         7918.,  -5836.,  -1251.]), array([ 10920., -18639.,  15009.,   3675.,  -1477.,   1269.,    143.,
         1640.,   -287.,   -128.]), array([ 12847., -22446.,  19429.,   -789.,  -4188.,   1568.,  -3221.,
         1632.,  -1184.,   -262.]), array([ 18601., -15742.,  21499.,   -662.,  -6380.,   -880.,  -5199.,
         4587.,  -3515.,   -726.]), array([ 15106., -23346.,  20543.,   6639.,  -4221.,   -129.,  -1577.,
         2204.,  -1572.,   -328.]), array([ 13924., -20382.,  18929.,   4691.,  -3458.,    134.,  -2177.,
         2426.,  -1515.,   -340.]), array([ 20572., -21075.,  20579.,   2240.,  -7889.,   1828.,  -1296.,
         4559.,  -2839.,   -602.]), array([  9745., -16841.,  14538.,   4500.,  -5177.,   2574.,  -3325.,
         3772.,  -2144.,   -497.]), array([ 11209., -24680.,  16541.,   4260.,  -1317.,   2335.,   2503.,
          -28.,    904.,    132.]), array([ 19375., -17408.,  19656.,  -2032.,  -9351.,   2912.,  -3570.,
         5071.,  -3465.,   -723.]), array([ 17696., -14542.,  21108.,   6272.,  -8407.,    462.,  -7494.,
         7314.,  -5072.,  -1086.]), array([ 18084., -22055.,  24524.,   3409.,  -7680.,   1807.,  -6553.,
         5780.,  -3821.,   -841.]), array([  9830., -16275.,  20473.,    785.,   -717.,  -2429.,  -7287.,
         1892.,  -1783.,   -397.]), array([ 1.4537e+04, -2.1000e+04,  1.6461e+04,  2.8550e+03, -2.8230e+03,
        1.0490e+03,  2.9180e+03,  1.6000e+01,  2.6700e+02,  6.0000e+01]), array([ 11208., -21667.,  13985.,   6930.,  -4275.,   1960.,   1651.,
         1161.,   -514.,   -108.]), array([ 20890., -24379.,  25021.,  -2793.,  -5612.,   1262.,  -1747.,
         2409.,  -1573.,   -337.]), array([ 12425., -25614.,  16194.,   3588.,  -1263.,   2384.,   4215.,
        -1038.,   1487.,    276.]), array([  9332., -15344.,  16361.,   -168.,  -4090.,    997.,  -5829.,
         2752.,  -2108.,   -461.]), array([ 19109., -15312.,  22249.,  -1795.,  -7743.,   1324.,  -5588.,
         5078.,  -3639.,   -768.]), array([ 11560., -23485.,  16993.,   1063.,  -2252.,   1728.,   1280.,
         -783.,    666.,    137.]), array([ 13201., -17634.,  21461.,   -715.,  -4527.,     77.,  -7468.,
         3868.,  -2882.,   -634.]), array([ 18888., -23554.,  26993.,   6994.,  -2339.,  -2142.,  -3317.,
         2728.,  -1833.,   -412.]), array([ 17658., -16962.,  25492.,  -6551.,  -3534.,   -418.,  -7300.,
         3491.,  -2492.,   -566.]), array([ 13927., -20247.,  13785.,  -3775.,  -4839.,   3285.,   2366.,
          872.,    -98.,    -31.]), array([ 18553., -12004.,  19419.,  -2980., -11193.,   3907.,  -6874.,
         7631.,  -5062.,  -1087.]), array([ 11992., -26424.,  14252.,   2270.,   -424.,    928.,   6217.,
        -3317.,   2430.,    536.]), array([ 13952., -20237.,  17176.,  -2419.,  -3306.,   2666.,    271.,
         1071.,   -161.,    -74.]), array([ 12026., -15189.,  12412.,  -1853.,  -7233.,   4994.,  -1289.,
         3516.,  -1823.,   -417.]), array([ 15986., -18260.,  16826.,  -1972.,  -6921.,   3129.,  -1023.,
         3103.,  -1849.,   -397.]), array([ 14590., -25802.,  23131.,   5096.,  -2288.,    555.,  -1794.,
         1365.,   -630.,   -173.]), array([ 14699., -22430.,  18620.,   4152.,  -4561.,   2884.,   -241.,
         2405.,   -980.,   -252.]), array([ 1.6261e+04, -2.0621e+04,  1.7518e+04, -3.0320e+03, -4.3610e+03,
        3.1330e+03,  2.3260e+03,  8.5800e+02,  1.2000e+01, -1.9000e+01]), array([  8278., -23167.,  10302.,   -607.,    685.,   2003.,   6375.,
        -3435.,   2938.,    605.]), array([ 11406., -23858.,  11050.,   9990.,  -3809.,   2256.,   5619.,
          388.,    387.,     81.]), array([ 14098., -18331.,  19163.,  -1947.,  -6722.,   3589.,  -5334.,
         4882.,  -2814.,   -656.]), array([ 18991., -17414.,  19206.,  -3932., -11639.,   6215.,  -4284.,
         6719.,  -4010.,   -882.]), array([ 16633., -12690.,  20404.,    601.,  -6954.,   -413.,  -7298.,
         5786.,  -4302.,   -907.]), array([ 21900., -20236.,  20177.,  -2400.,  -9033.,   4339.,    761.,
         3833.,  -2107.,   -448.]), array([ 19574., -18850.,  21023.,   2809.,  -8838.,   1533.,  -2949.,
         4567.,  -3387.,   -682.]), array([ 14848., -20057.,  21710.,  -4574.,  -4227.,   2662.,  -4002.,
         2383.,  -1302.,   -325.]), array([ 16813., -20219.,  19637.,   6087.,  -5483.,   1814.,   -385.,
         3211.,  -1752.,   -391.]), array([ 18669., -20639.,  27303.,   5369.,  -6654.,   -517.,  -8462.,
         6198.,  -4410.,   -958.]), array([ 11968., -17844.,  13074.,  -6973.,  -3494.,   2680.,   1612.,
         -559.,    491.,    112.]), array([ 15349., -18788.,  17240.,   4760.,  -8317.,   2569.,  -3092.,
         4697.,  -3171.,   -665.]), array([ 19885., -15009.,  20126.,  -4412.,  -9256.,   3738.,  -3560.,
         5350.,  -3375.,   -727.]), array([ 20666., -24370.,  22317.,   6897.,  -7875.,   2614.,   -897.,
         5238.,  -2849.,   -639.]), array([ 18423., -25963.,  21627.,   1912.,  -4777.,   1862.,   1035.,
         1078.,   -531.,   -111.]), array([  9857., -22867.,  13938.,    -85.,  -1189.,   3741.,   3104.,
         -633.,   1485.,    244.]), array([ 18743., -20405.,  24162.,  -1767.,  -8955.,   2689.,  -7342.,
         6001.,  -4105.,   -891.]), array([ 1.6839e+04, -2.0778e+04,  1.8141e+04, -2.3180e+03, -5.5910e+03,
        1.8040e+03,  1.9000e+01,  1.2880e+03, -9.9500e+02, -1.8500e+02]), array([ 12362., -20224.,  16335.,   1798.,  -5612.,   2839.,  -1965.,
         2156.,  -1412.,   -303.]), array([ 1.3306e+04, -2.5676e+04,  2.1767e+04,  9.3890e+03, -2.3480e+03,
       -1.8000e+01, -1.7190e+03,  1.8340e+03, -9.6500e+02, -2.4000e+02]), array([ 12159., -18583.,  16138.,  -2815.,  -1662.,   -519.,  -1115.,
           61.,   -229.,    -43.]), array([ 17958., -15799.,  24376.,  -2969.,  -8706.,   1507., -10152.,
         7122.,  -5043.,  -1095.]), array([ 15060., -15391.,  14614.,  -4719.,  -8067.,   3930.,  -1326.,
         3157.,  -2066.,   -425.]), array([  8819., -24239.,  13385.,   9258.,   1832.,   -833.,   5042.,
        -2469.,   2106.,    431.]), array([ 12964., -18209.,  17016.,  -5314.,  -4562.,   1824.,  -3003.,
         1391.,  -1154.,   -240.]), array([ 13255., -22309.,  18836.,  -4527.,  -1853.,   1715.,    524.,
         -610.,    685.,    122.]), array([ 19096., -18347.,  20038.,   3256.,  -7842.,   1742.,  -2844.,
         5497.,  -3404.,   -738.]), array([ 13314., -16219.,  17319.,    213.,  -9586.,   3352.,  -7483.,
         6131.,  -4340.,   -925.]), array([  9455., -25181.,  13598.,  -1151.,   -991.,   2401.,   4093.,
        -2561.,   2085.,    434.]), array([ 19355., -11433.,  19931.,  -6804., -10876.,   4081.,  -6931.,
         7463.,  -4854.,  -1053.]), array([ 19849., -15285.,  19065.,  -7608.,  -9073.,   3723.,  -2947.,
         5143.,  -3139.,   -681.]), array([ 12676., -18477.,  17549.,   1688.,  -3833.,   1947.,  -2080.,
         2138.,  -1160.,   -277.]), array([  8347., -24223.,  14417.,  10509.,  -2302.,    910.,    483.,
          816.,   -254.,    -74.]), array([ 11402., -20463.,  13547.,   4561.,  -7304.,   4970.,   -662.,
         3699.,  -1813.,   -422.]), array([ 18591., -24578.,  22629.,   -615.,  -3496.,   1659.,    191.,
         1668.,   -521.,   -154.]), array([  9878., -18846.,  13834.,   2800.,   1485.,   -692.,   2781.,
         -992.,   1286.,    229.]), array([ 17784., -18019.,  23058.,   3907.,  -4239.,   -217.,  -3748.,
         3920.,  -2465.,   -553.]), array([ 16627., -19495.,  22859.,  -6207.,  -3699.,   1669.,  -3670.,
         2664.,  -1380.,   -349.]), array([  9987., -24621.,  14707.,   6228.,   -264.,   1146.,   3540.,
        -1026.,   1355.,    250.]), array([ 16893., -21589.,  19879.,  -1215.,  -7548.,   4345.,  -2240.,
         4345.,  -2262.,   -528.]), array([ 17889., -11272.,  22490.,    287., -12096.,   2582., -12124.,
        10010.,  -7013.,  -1507.]), array([  9928., -20222.,  14721.,    867.,  -4176.,   2385.,  -1779.,
         1867.,  -1005.,   -239.]), array([ 18148., -19953.,  19452.,   1799., -11117.,   5989.,  -2829.,
         6161.,  -3588.,   -788.]), array([ 12874., -21576.,  18213.,  -3605.,  -2885.,    901.,   -548.,
         -638.,    110.,     46.]), array([ 17324., -17117.,  18737.,   5976.,  -8788.,   2451.,  -3497.,
         6069.,  -3842.,   -827.]), array([ 16070., -22565.,  14542.,   4132.,  -8256.,   4528.,   2652.,
         2735.,  -1363.,   -280.]), array([ 16054., -26466.,  21081.,   2917.,  -3475.,   2070.,    682.,
         1366.,   -301.,   -106.]), array([ 12985., -14534.,  16070.,   1301.,  -8639.,   2701.,  -6240.,
         5391.,  -3882.,   -818.]), array([ 11632., -22693.,  17008.,  -4038.,   -582.,   1570.,   2245.,
        -2536.,   1802.,    380.]), array([ 20882., -20964.,  25241.,  -5716.,  -6154.,   1145.,  -3591.,
         2817.,  -2115.,   -441.]), array([ 10789., -23743.,  17657.,   4348.,  -1827.,    681.,   -881.,
          452.,   -139.,    -53.]), array([ 1.9122e+04, -2.4602e+04,  2.4400e+04,  6.9500e+02, -8.9900e+02,
       -1.2170e+03,  8.1700e+02, -1.1000e+01,  2.0300e+02,  2.7000e+01]), array([ 1.3873e+04, -2.6057e+04,  1.6607e+04,  6.5410e+03, -4.0820e+03,
        1.7200e+03,  2.6620e+03,  2.4000e+02,  4.0000e+00,  1.5000e+01]), array([ 18969., -17232.,  21740.,  -3644.,  -7360.,   2144.,  -3963.,
         4132.,  -2817.,   -600.]), array([ 1.4360e+04, -2.5471e+04,  1.7054e+04,  1.1020e+04, -8.6700e+02,
       -2.8400e+02,  4.6330e+03, -1.3000e+01,  6.9900e+02,  1.2300e+02]), array([ 13844., -15360.,  21269.,  -1856.,  -3142.,     22.,  -6165.,
         3404.,  -2254.,   -522.]), array([ 15440., -18596.,  19527.,  -4264.,  -5882.,    698.,  -3876.,
         2147.,  -2044.,   -397.]), array([ 16946., -16076.,  20098.,   6636.,  -6736.,   1038.,  -5069.,
         6562.,  -3971.,   -891.]), array([ 16431., -25457.,  18728.,  11026.,  -4659.,   -307.,   1449.,
         1907.,  -1280.,   -247.]), array([ 17222., -23192.,  21470.,  -4093.,  -4455.,   3877.,    430.,
         1488.,   -229.,   -102.]), array([ 16433., -15298.,  17063.,   5217., -10039.,   3583.,  -4290.,
         7213.,  -4442.,   -968.]), array([ 16428., -16493.,  20416.,   1487.,  -7038.,   1995.,  -5782.,
         5967.,  -3680.,   -827.]), array([ 10142., -21017.,  16819.,  -3902.,  -1291.,    713.,  -1311.,
         -600.,    357.,     63.]), array([ 12267., -18625.,  15799.,   6358.,  -7404.,   3238.,  -3564.,
         5435.,  -3136.,   -709.]), array([ 18044., -20099.,  18939.,   2308.,  -9815.,   4660.,  -1853.,
         5165.,  -3076.,   -664.]), array([ 14229., -26675.,  20711.,    805.,  -2650.,   2335.,    693.,
          -84.,    459.,     67.]), array([ 15640., -22874.,  22272.,   2110.,  -4059.,   1240.,  -2624.,
         2521.,  -1439.,   -339.]), array([ 11457., -19924.,  13258.,   8567.,  -4233.,   2309.,   1343.,
         2153.,   -862.,   -209.]), array([  9630., -18602.,  11477.,   6997.,  -6869.,   4491.,   -559.,
         3512.,  -1802.,   -410.]), array([ 15441., -21196.,  21194.,   7702.,  -4913.,    876.,  -3070.,
         4138.,  -2418.,   -552.]), array([ 10447., -19885.,  13857.,  -3797.,  -5467.,   3438.,   -886.,
          294.,   -461.,    -71.]), array([ 14824., -17925.,  16333.,  -3212.,  -4565.,   2162.,   -319.,
         2291.,  -1072.,   -256.]), array([ 17297., -13463.,  20491.,  -6507.,  -7171.,    758.,  -6593.,
         4570.,  -3538.,   -737.]), array([ 15976., -24387.,  18909.,   7148.,  -5194.,   2241.,    934.,
         3003.,  -1305.,   -314.]), array([ 10467., -21717.,  11456.,   4807.,  -3034.,   3136.,   4397.,
           22.,    751.,    134.]), array([ 13399., -23100.,  16437.,    797.,   -641.,    307.,   3142.,
        -1022.,   1106.,    217.]), array([ 13199., -16123.,  14483.,    258.,  -5443.,   1433.,   -855.,
         2120.,  -1539.,   -306.]), array([ 19590., -21161.,  17354.,    740., -11014.,   5874.,    400.,
         4745.,  -2702.,   -570.]), array([  9250., -22313.,  13034.,  -1653.,  -3066.,   4716.,   1972.,
          -25.,    865.,    129.]), array([ 18016., -19871.,  24078.,   5931.,  -5502.,     61.,  -4504.,
         4481.,  -2997.,   -654.]), array([ 18906., -17756.,  19858.,  -3805.,  -9216.,   4054.,  -3568.,
         5166.,  -3209.,   -697.]), array([ 11836., -15771.,  11489.,  -4016.,  -6418.,   4923.,    275.,
         2282.,   -998.,   -234.]), array([  8370., -22033.,  11780.,   7342.,  -4728.,   3164.,   1460.,
          779.,   -314.,    -62.]), array([ 12731., -23051.,  14090.,  -3684.,   -425.,   2386.,   6426.,
        -2875.,   2621.,    538.]), array([ 11335., -25020.,  16068.,   4614.,   -595.,   -187.,   2767.,
        -1585.,   1136.,    248.]), array([ 14995., -13157.,  18334.,  -9018.,  -8530.,   5288.,  -6170.,
         5317.,  -3189.,   -727.]), array([ 19380., -17592.,  20043.,   7059.,  -8446.,   2162.,  -2804.,
         6786.,  -3953.,   -876.]), array([ 15681., -13886.,  20532.,   1523.,  -5800.,  -1256.,  -7219.,
         5356.,  -4010.,   -850.]), array([ 14662., -26543.,  22433.,  10178.,  -3126.,    538.,  -1527.,
         2419.,  -1216.,   -300.]), array([ 1.0632e+04, -1.8388e+04,  1.7624e+04, -1.8620e+03, -3.1890e+03,
       -1.2000e+01, -4.0550e+03,  1.1650e+03, -1.2460e+03, -2.5300e+02]), array([ 18525., -16884.,  23169.,   4980., -10180.,   1473.,  -8515.,
         7817.,  -5542.,  -1177.]), array([ 18816., -17871.,  22860.,    -50.,  -8168.,    807.,  -6619.,
         5689.,  -4147.,   -874.]), array([ 16488., -24122.,  18296.,  -1121.,  -4693.,   2391.,   1743.,
          710.,   -206.,    -43.]), array([  6565., -16951.,  13219.,   1866.,  -3514.,   1660.,  -4136.,
         1414.,  -1215.,   -262.]), array([ 12082., -21560.,  16141.,   8808.,  -1888.,    130.,    899.,
         1062.,   -346.,    -96.]), array([ 20865., -18618.,  22379.,   6693.,  -8692.,   1070.,  -4035.,
         6836.,  -4359.,   -940.]), array([ 16341., -19138.,  18170.,  -5515.,  -6485.,   3742.,  -1430.,
         3231.,  -1636.,   -383.]), array([ 13762., -19207.,  17370.,  -2900.,  -1740.,    389.,    657.,
         -626.,    389.,     88.]), array([ 14241., -15382.,  17121.,   -156., -10139.,   4190.,  -6443.,
         6424.,  -4291.,   -924.]), array([ 18231., -24153.,  21327.,   5410.,  -5365.,   1845.,    244.,
         3008.,  -1482.,   -342.]), array([ 21414., -25288.,  24739.,    536.,  -6512.,   1225.,  -1609.,
         3100.,  -2049.,   -431.]), array([ 16693., -18108.,  23831.,   1957.,  -5498.,    848.,  -6850.,
         5708.,  -3512.,   -807.]), array([ 20310., -17175.,  21492.,  -4500., -12125.,   5238.,  -5576.,
         6597.,  -4425.,   -937.]), array([ 12761., -16669.,  16143.,   5813.,  -4710.,   -818.,  -3064.,
         2983.,  -2401.,   -484.]), array([  8226., -21192.,  15338.,   2731.,  -2398.,   1503.,  -2172.,
          902.,   -469.,   -128.]), array([ 18454., -21155.,  19817.,  10869., -10009.,   3444.,  -2408.,
         6708.,  -4023.,   -873.]), array([ 14578., -19770.,  22818.,  -5057.,  -3379.,    175.,  -5571.,
         1892.,  -1589.,   -350.]), array([ 19596., -20388.,  22231.,  -3056.,  -8935.,   3378.,  -3380.,
         3924.,  -2792.,   -576.]), array([ 15958., -20627.,  18961.,  -5139.,  -4137.,   2715.,    345.,
          775.,   -198.,    -59.]), array([ 23280., -21562.,  22513.,  -1266.,  -9300.,   3496.,   -378.,
         4410.,  -2644.,   -557.]), array([ 18256., -15667.,  22306.,  -6420.,  -7888.,   3246.,  -6233.,
         5737.,  -3525.,   -796.]), array([ 11591., -20293.,  14844.,   5830.,  -3165.,    814.,    363.,
          936.,   -554.,   -115.]), array([ 2.0688e+04, -2.1971e+04,  2.1107e+04, -1.1020e+03, -7.5410e+03,
        2.6340e+03, -1.7000e+01,  2.5820e+03, -1.7340e+03, -3.4400e+02]), array([ 12414., -16836.,  13148.,  -2182.,  -4661.,   1993.,   -142.,
         1489.,   -906.,   -188.]), array([ 16620., -19697.,  19437.,  -3455.,  -3449.,   1016.,    -92.,
          971.,   -505.,   -114.]), array([ 12856., -24970.,  16409.,  -1104.,  -1383.,   1267.,   3213.,
        -2075.,   1505.,    328.]), array([ 17749., -12755.,  17028.,  -3410.,  -9366.,   2331.,  -3913.,
         5038.,  -3685.,   -750.]), array([ 10474., -19304.,  13985.,  -5744.,  -2855.,   2856.,    502.,
         -348.,    494.,     88.]), array([ 13359., -22781.,  17331.,   5618.,   -319.,  -1240.,   2957.,
         -710.,    707.,    147.]), array([ 17692., -25616.,  25448.,    929.,  -2511.,    591.,  -2001.,
         1729.,   -755.,   -210.]), array([ 14918., -17655.,  22134.,  -5876.,  -6630.,   2497.,  -7300.,
         3628.,  -2783.,   -600.]), array([ 13813., -21645.,  17575.,   7753.,  -8044.,   2384.,  -2879.,
         3801.,  -2810.,   -570.]), array([ 14451., -24310.,  18918.,   1018.,  -4413.,   2829.,    344.,
         1359.,   -455.,   -124.]), array([ 15905., -22431.,  17896.,   2883.,  -6377.,   3995.,    682.,
         3084.,  -1311.,   -317.]), array([ 16165., -13689.,  18309.,  -7740.,  -6833.,   2198.,  -4559.,
         3368.,  -2529.,   -527.]), array([ 20075., -16943.,  25576.,  -2759.,  -7295.,    536.,  -8082.,
         5926.,  -4203.,   -910.]), array([ 17442., -22678.,  18467.,   3434.,  -4627.,   1765.,   2496.,
         1270.,   -483.,   -102.]), array([ 15512., -20632.,  15906.,   1106.,  -5663.,   3983.,   1446.,
         2759.,   -954.,   -249.]), array([ 17340., -23716.,  24579.,   3659.,  -1764.,  -1250.,  -1707.,
         1458.,   -867.,   -208.]), array([ 11579., -22263.,  17789.,    744.,  -3221.,   3083.,  -1116.,
         1383.,   -338.,   -127.]), array([ 16542., -21294.,  17286.,   1073.,  -6282.,   2372.,    616.,
         1670.,  -1156.,   -219.]), array([ 13051., -24590.,  15714.,  -1047.,  -2921.,   2792.,   3315.,
        -1296.,   1156.,    247.]), array([ 14226., -21319.,  20834.,   6715.,  -4988.,   1441.,  -3612.,
         3810.,  -2279.,   -521.]), array([ 14504., -23149.,  15946.,  -3466.,  -3949.,   3270.,   3404.,
         -146.,    648.,    124.]), array([ 1.4080e+04, -2.5723e+04,  1.5013e+04,  2.0760e+03, -7.0000e+00,
        1.7580e+03,  7.6910e+03, -2.2560e+03,  2.5370e+03,  5.0200e+02]), array([ 17543., -19599.,  18098.,   7372.,  -8615.,   2935.,   -829.,
         4746.,  -2922.,   -616.]), array([ 15130., -19586.,  15212.,  -5393.,  -3545.,   2649.,   3442.,
         -751.,    784.,    175.]), array([ 1.0091e+04, -2.0491e+04,  1.4649e+04,  8.1790e+03, -1.1720e+03,
       -8.8900e+02,  6.7600e+02, -9.5000e+01, -3.1000e+01,  4.0000e+00]), array([ 15745., -17439.,  19437.,  -3674.,  -2494.,    806.,   -967.,
         1374.,   -579.,   -156.]), array([ 17520., -22714.,  21946.,   3957.,  -5526.,   2735.,  -1594.,
         4329.,  -2009.,   -497.]), array([ 11390., -21844.,  15139.,   5940.,  -4262.,   2232.,    807.,
         1388.,   -615.,   -141.]), array([ 16036., -21785.,  21042.,  -1539.,  -1985.,    608.,   -349.,
          774.,   -161.,    -68.]), array([ 13585., -18555.,  19441.,   5498.,  -6418.,     49.,  -6586.,
         5083.,  -3733.,   -794.]), array([  9332., -17043.,  10287.,   2286.,  -8028.,   5408.,   -958.,
         3503.,  -1933.,   -425.]), array([ 10837., -21001.,  19352.,  -6640.,    -72.,    995.,  -1492.,
        -1316.,    982.,    175.]), array([ 1.2512e+04, -2.2604e+04,  1.6155e+04,  3.8900e+03, -2.6050e+03,
        2.5830e+03,  1.8880e+03,  8.1500e+02,  2.3500e+02,  1.0000e+00]), array([ 19028., -12527.,  22912.,  -2482., -11555.,   2259., -11006.,
         8565.,  -6272.,  -1326.]), array([ 15456., -22876.,  21721.,   1485.,  -2015.,   -970.,  -1065.,
          436.,   -467.,    -94.]), array([ 19489., -16145.,  20625.,   6691., -10039.,   1729.,  -6041.,
         8166.,  -5315.,  -1146.]), array([ 15988., -23292.,  23920.,   1663.,  -2546.,    303.,  -2837.,
         1958.,  -1057.,   -267.]), array([ 18455., -15753.,  24744.,  -4061.,  -8395.,   1462.,  -9144.,
         5930.,  -4445.,   -946.]), array([ 11852., -19278.,  18222.,   -794.,  -2788.,    971.,  -2674.,
         1219.,   -802.,   -190.]), array([ 13234., -20226.,  20911.,   3754.,  -5022.,   2784.,  -5274.,
         4642.,  -2489.,   -608.]), array([ 15178., -22212.,  18651.,   2452.,  -6289.,   4043.,   -468.,
         3159.,  -1441.,   -348.]), array([ 15257., -22264.,  18662.,  -2396.,  -7012.,   4586.,  -1035.,
         2177.,  -1210.,   -267.]), array([ 14130., -19620.,  20064.,   6009.,  -7089.,   1899.,  -5251.,
         4845.,  -3290.,   -712.]), array([ 12734., -20942.,  15397.,   -409.,  -4528.,   2812.,    825.,
          384.,   -178.,    -29.]), array([ 17179., -22091.,  19713.,  -1112.,  -5003.,    988.,   -165.,
         1391.,  -1036.,   -200.]), array([ 13370., -21123.,  17381.,   5298.,  -6289.,   3593.,  -1899.,
         3842.,  -1999.,   -468.]), array([ 18583., -15970.,  21588.,   1078., -10263.,   1725.,  -8178.,
         7525.,  -5351.,  -1133.]), array([  6998., -21048.,  11655.,   1716.,  -1493.,   2906.,   1868.,
         -872.,   1100.,    200.]), array([ 15386., -18237.,  16819.,   -912.,  -7336.,   4722.,  -1544.,
         4313.,  -2122.,   -502.]), array([ 15591., -18895.,  18370.,   8163.,  -9453.,   2347.,  -4892.,
         5954.,  -4176.,   -873.]), array([ 1.3348e+04, -1.7793e+04,  1.6332e+04, -7.9240e+03, -3.7760e+03,
        1.7510e+03, -5.5200e+02, -1.3700e+02, -1.3300e+02, -8.0000e+00]), array([ 11481., -21228.,  19437.,    858.,  -1613.,    313.,  -2664.,
         1104.,   -569.,   -159.]), array([ 16206., -19747.,  17288.,   1568.,  -5295.,    689.,    841.,
         1084.,  -1035.,   -172.]), array([ 17700., -21462.,  20946.,   -881.,  -6153.,   3056.,  -1381.,
         2923.,  -1592.,   -362.]), array([  9032., -18984.,  12638.,  -4750.,    414.,   1299.,   3058.,
        -2729.,   2088.,    432.]), array([ 14548., -22473.,  18820.,   2704.,  -6008.,   2564.,  -1321.,
         2514.,  -1549.,   -334.]), array([ 14028., -22132.,  15755.,  10345.,  -8666.,   4577.,   -366.,
         4514.,  -2501.,   -547.]), array([ 13470., -20135.,  21979.,   7811.,  -3772.,   -138.,  -5761.,
         3966.,  -2628.,   -596.]), array([ 18243., -13854.,  19256.,  -5568., -11615.,   5583.,  -6293.,
         7151.,  -4555.,   -991.]), array([ 16450., -23243.,  21718.,  -3151.,  -4913.,   2855.,  -1792.,
         2012.,  -1003.,   -246.]), array([ 9.6090e+03, -1.6910e+04,  1.0918e+04,  3.7200e+02, -2.0030e+03,
        1.3040e+03,  1.9410e+03,  8.0000e+00,  3.3200e+02,  5.9000e+01]), array([ 11499., -20622.,  15430.,   7716.,  -2363.,     53.,     53.,
         1815.,   -830.,   -204.]), array([ 1.2519e+04, -2.3091e+04,  1.8546e+04,  9.0740e+03, -1.5000e+01,
       -1.7550e+03,  2.9900e+02,  4.3500e+02, -6.5000e+01, -3.8000e+01]), array([ 11526., -21750.,  16180.,   4866.,  -4003.,   3299.,   -435.,
         2723.,   -916.,   -265.]), array([ 12431., -19850.,  17591.,   6871.,  -4866.,    952.,  -2958.,
         3119.,  -2085.,   -452.]), array([  9749., -28669.,  16133.,  12781.,   -257.,    750.,   3622.,
         -696.,   1172.,    208.]), array([ 15170., -17490.,  21112.,   6134.,  -7120.,   2324.,  -5724.,
         5686.,  -3582.,   -799.]), array([  5770., -15515.,   8933.,   5529.,  -6534.,   4587.,  -2536.,
         3630.,  -2033.,   -463.]), array([ 15044., -23654.,  21802.,  -1115.,  -3051.,   2121.,  -1714.,
         1294.,   -454.,   -143.]), array([ 13999., -21041.,  12101.,   1157.,  -7925.,   4984.,   2873.,
         1865.,   -883.,   -170.]), array([ 10347., -24244.,  15738.,  10617.,    173.,    842.,   3251.,
           27.,    969.,    139.]), array([ 10380., -19478.,  11789.,  -4335.,  -5524.,   5208.,   1810.,
          275.,    201.,     37.]), array([ 12260., -24673.,  23102.,    157.,   1719.,  -1375.,  -1300.,
        -1466.,   1048.,    186.]), array([ 11682., -19682.,  16927.,   2353.,  -2275.,    946.,   -929.,
         1360.,   -545.,   -152.]), array([ 14703., -21884.,  20313.,  -1024.,  -4181.,   2978.,  -1935.,
         2194.,   -936.,   -251.]), array([ 16604., -19283.,  21174.,   8222.,  -6656.,    807.,  -4877.,
         5565.,  -3610.,   -790.]), array([ 18357., -19730.,  22214.,   1989.,  -6454.,   1189.,  -3283.,
         4122.,  -2711.,   -584.]), array([ 12608., -14260.,  18575.,  -4780.,  -4887.,    761.,  -6621.,
         3830.,  -2739.,   -604.]), array([ 21195., -14757.,  19728.,  -4942., -10871.,   3727.,  -3597.,
         5864.,  -3956.,   -823.]), array([ 11425., -20402.,  13086.,   -835.,  -4297.,   2314.,    921.,
          801.,   -349.,    -73.]), array([ 14724., -24869.,  18538.,    871.,  -3486.,   1747.,   1328.,
           30.,    131.,     29.]), array([ 12534., -15588.,  19497.,   6301.,  -6855.,   1596.,  -8393.,
         6753.,  -4381.,   -982.]), array([ 12792., -16219.,  17766.,   1176.,  -7633.,   2541.,  -6545.,
         5025.,  -3535.,   -761.]), array([ 16060., -22542.,  17872.,  11522.,  -4999.,    212.,    581.,
         3454.,  -1937.,   -421.]), array([ 12542., -16920.,  17640.,   2123.,  -3778.,   1982.,  -2796.,
         3365.,  -1652.,   -413.]), array([ 18451., -25325.,  23947.,  -2207.,  -5057.,   1580.,  -1806.,
         1616.,  -1121.,   -239.]), array([ 15957., -22819.,  20775.,  -2481.,  -4572.,   1108.,  -1894.,
         1548.,  -1133.,   -238.]), array([ 14035., -15083.,  17528.,  -2298.,  -8136.,   2020.,  -5942.,
         4175.,  -3382.,   -687.]), array([ 18969., -12323.,  18663.,   -978., -10800.,   3224.,  -5376.,
         7008.,  -4732.,   -999.]), array([ 18907., -21823.,  23284.,  -3142.,  -7756.,   2724.,  -4003.,
         3952.,  -2668.,   -572.]), array([  9240., -15630.,  13992.,   2763.,  -4936.,   1697.,  -3676.,
         3000.,  -2045.,   -445.]), array([ 10812., -18946.,  18343.,   1589.,  -2966.,   1389.,  -3607.,
         2244.,  -1251.,   -311.]), array([ 16639., -19816.,  18899.,  -5374.,  -7434.,   3894.,  -1344.,
         2220.,  -1499.,   -306.]), array([ 1.5402e+04, -2.9144e+04,  2.4048e+04,  3.7110e+03, -1.5100e+03,
        1.1370e+03, -2.2600e+02,  2.2500e+02,  3.2400e+02,  2.0000e+01]), array([ 14635., -18227.,  17492.,  -6097.,  -6474.,   4358.,  -1955.,
         2421.,  -1337.,   -305.]), array([ 11041., -27085.,  18460.,   -228.,    378.,   1734.,   2093.,
        -1987.,   1911.,    357.]), array([ 12552., -28957.,  16689.,  11171.,    669.,   1494.,   6646.,
        -1154.,   2107.,    374.]), array([ 14422., -25326.,  14489.,  -1054.,  -1300.,   1155.,   6875.,
        -2836.,   2211.,    491.]), array([ 22574., -14549.,  23621.,  -7169., -10881.,   2958.,  -7536.,
         7681.,  -5138.,  -1107.]), array([ 14516., -21849.,  21435.,   7864.,  -4268.,   -201.,  -4341.,
         3690.,  -2470.,   -547.]), array([ 11929., -15029.,  17274.,   4677.,  -8576.,   2223.,  -7987.,
         6164.,  -4457.,   -949.]), array([ 16623., -14203.,  19820.,  -1721., -10559.,   4381.,  -7041.,
         7032.,  -4613.,  -1002.]), array([ 19373., -22186.,  19638.,   8539.,  -8140.,   2335.,   -259.,
         4858.,  -2846.,   -610.]), array([ 13537., -22731.,  12916.,    502.,  -5830.,   4495.,   4233.,
          191.,    311.,     77.]), array([ 19666., -19015.,  18118.,   1055.,  -9454.,   4236.,    314.,
         4450.,  -2567.,   -542.]), array([ 17290., -16089.,  20723.,   2774.,  -7918.,   1604.,  -5368.,
         5985.,  -3949.,   -855.]), array([ 1.6025e+04, -2.2836e+04,  2.2716e+04, -6.1690e+03, -1.9640e+03,
        4.1900e+02, -1.2720e+03, -3.0700e+02,  1.3900e+02,  2.1000e+01]), array([ 12405., -21447.,  16954.,  -2659.,  -4163.,   1173.,  -1602.,
          511.,   -691.,   -123.]), array([ 16408., -16998.,  22188.,  -3197.,  -4775.,   -190.,  -5539.,
         3463.,  -2592.,   -557.]), array([  6648., -20910.,   9878.,  -4167.,  -1511.,   3853.,   3225.,
        -2452.,   2025.,    416.]), array([ 13463., -18374.,  20101.,   6374.,  -6209.,    158.,  -6378.,
         4520.,  -3464.,   -728.]), array([ 11317., -24159.,  12863.,   -828.,  -1291.,   2536.,   5931.,
        -2839.,   2323.,    497.]), array([ 22574., -19237.,  23091.,  -2353.,  -9154.,   1854.,  -2760.,
         4447.,  -3253.,   -656.]), array([ 16793., -13296.,  15593.,  -4708., -10661.,   4277.,  -4414.,
         5926.,  -3975.,   -836.]), array([ 13943., -28055.,  17815.,  11355.,  -1474.,   2405.,   4977.,
          599.,    949.,    124.]), array([ 10992., -17095.,  19886.,   3130.,  -4794.,     99.,  -7793.,
         3824.,  -3047.,   -654.]), array([  9105., -23747.,  15689.,   -194.,   -437.,   1189.,   1744.,
        -2165.,   1545.,    322.]), array([ 18001., -15181.,  14335.,   -553., -12234.,   5942.,  -1899.,
         6530.,  -3969.,   -842.]), array([ 10217., -17940.,  14841.,   4224.,  -3366.,   2114.,  -1306.,
         2501.,  -1083.,   -282.]), array([ 16993., -21844.,  20066.,   4358.,  -3272.,   -168.,    628.,
         1706.,   -898.,   -199.]), array([ 18396., -20613.,  22266.,   2061.,  -3972.,    482.,  -1589.,
         3130.,  -1670.,   -392.]), array([ 12773., -21057.,  16311.,  -1470.,  -1740.,     53.,    661.,
         -580.,    316.,     76.]), array([ 10124., -23557.,  16614.,   7275.,  -1169.,   -646.,    476.,
         -434.,    186.,     47.]), array([ 17532., -21004.,  23332.,   2297.,  -3311.,  -1383.,  -3242.,
         2546.,  -1867.,   -401.]), array([ 11535., -19169.,  11541.,   7091.,  -4939.,   1929.,   2079.,
         1774.,   -898.,   -183.]), array([ 21636., -18021.,  22624.,   1049.,  -8781.,   1647.,  -4036.,
         6329.,  -4037.,   -871.]), array([ 14252., -18943.,  18503.,  -1961.,  -6611.,   4757.,  -3091.,
         4080.,  -2013.,   -492.]), array([ 14545., -25976.,  18674.,  13417.,  -4143.,   -114.,    620.,
         2098.,  -1304.,   -270.]), array([ 15703., -14305.,  15742.,  -1568., -12783.,   6084.,  -6310.,
         7645.,  -4990.,  -1069.]), array([  9618., -18150.,  16437.,  -6545.,  -3078.,   2677.,  -3680.,
          709.,   -465.,   -127.]), array([16535., -9952., 16773.,   -41., -9257.,  1388., -6192.,  6843.,
       -4803., -1010.]), array([ 17857., -20116.,  20108.,  -1908.,  -6023.,   1473.,  -2265.,
         2942.,  -1996.,   -421.]), array([ 13981., -21621.,  15957.,  -2533.,   -950.,   1104.,   4207.,
        -1758.,   1571.,    327.]), array([ 12972., -25447.,  12760.,   3719.,  -3801.,   3496.,   6256.,
        -1091.,   1304.,    283.]), array([ 14432., -17690.,  17951.,   4767., -10628.,   4624.,  -6412.,
         7057.,  -4561.,   -992.]), array([ 13425., -22550.,  13393.,   -403.,  -4055.,   3398.,   4538.,
         -871.,    942.,    212.]), array([ 15174., -25311.,  21391.,  10634.,   -396.,    386.,   1838.,
         1660.,     84.,    -74.]), array([ 15890., -22573.,  23869.,   6628.,  -4756.,   1161.,  -4084.,
         3924.,  -2327.,   -539.]), array([ 17794., -20260.,  25401.,   1354.,  -7429.,   1165.,  -8123.,
         5782.,  -4074.,   -887.]), array([ 16392., -29891.,  23064.,   2206.,   -753.,   1708.,   2649.,
         -740.,   1327.,    222.]), array([ 22179., -17290.,  24618.,   2365.,  -9999.,    833.,  -6263.,
         6510.,  -4863.,  -1000.]), array([ 17462., -17810.,  20694.,   4513., -10656.,   2756.,  -7330.,
         7427.,  -5140.,  -1093.]), array([ 11449., -18469.,  14809.,   5145.,  -2946.,   1090.,    -65.,
         2059.,   -877.,   -222.]), array([ 13729., -23152.,  15536.,   -413.,  -5118.,   3763.,   2079.,
          859.,    -97.,    -33.]), array([ 15498., -23269.,  22112.,   -617.,  -5471.,   2873.,  -3454.,
         2721.,  -1615.,   -375.]), array([ 21252., -21683.,  19562.,  -2492.,  -6652.,   3388.,   2778.,
         2580.,   -999.,   -230.]), array([  7795., -23728.,  14204.,   5057.,    191.,   1163.,   1966.,
        -1209.,   1331.,    242.]), array([ 10061., -25430.,  11980.,   3920.,   1244.,   1603.,   7941.,
        -3488.,   3201.,    652.]), array([ 20671., -22078.,  23824.,   -647.,  -7351.,   2279.,  -3485.,
         4821.,  -2899.,   -646.]), array([ 11763., -23088.,  17167.,    367.,   -168.,   -206.,   1949.,
        -1916.,   1278.,    276.]), array([  8747., -22701.,  14645.,    627.,    291.,   1882.,   2324.,
        -1109.,   1559.,    268.]), array([ 17235., -15872.,  21758.,    362.,  -5639.,    562.,  -5207.,
         4979.,  -3189.,   -710.]), array([ 14390., -21444.,  22571.,   1600.,  -2130.,   1122.,  -3117.,
         2522.,  -1051.,   -301.]), array([ 15220., -21476.,  21435.,   5961.,  -2305.,  -1256.,  -1564.,
         1516.,  -1097.,   -236.]), array([ 22715., -19604.,  23315.,  -2005.,  -8930.,   1775.,  -2818.,
         4647.,  -3281.,   -672.]), array([ 20201., -21331.,  22651.,  -4315.,  -7999.,   3424.,  -2500.,
         4104.,  -2451.,   -539.]), array([ 12529., -24794.,  15486.,   6326.,  -1567.,    422.,   4108.,
        -1178.,   1012.,    225.]), array([ 16141., -13682.,  16652.,   -936.,  -8686.,   4049.,  -3888.,
         6096.,  -3545.,   -794.]), array([ 17930., -25500.,  20230.,  -1596.,  -3697.,   2560.,   2992.,
          505.,    350.,     45.]), array([ 14994., -20345.,  18126.,   9762.,  -5213.,   1829.,  -1154.,
         4024.,  -2105.,   -488.]), array([ 13713., -19519.,  16676.,  -5204.,  -5578.,   3837.,   -987.,
         1792.,   -876.,   -207.]), array([ 15942., -18070.,  20914.,  -5434.,  -4329.,    533.,  -3769.,
         1639.,  -1493.,   -304.]), array([ 16964., -19578.,  19787.,   8648.,  -6153.,   1806.,  -2371.,
         5807.,  -3058.,   -714.]), array([ 18528., -20813.,  22265.,   3811.,  -9344.,   3136.,  -5270.,
         6272.,  -4029.,   -877.]), array([ 14256., -22907.,  14719.,  -1936.,  -3156.,   2736.,   4556.,
        -1281.,   1215.,    266.]), array([ 13156., -22425.,  15765.,   3889.,  -1961.,   2092.,   3700.,
           46.,    780.,    126.]), array([ 17652., -17176.,  20398.,   1854., -10663.,   3011.,  -6872.,
         6840.,  -4820.,  -1016.]), array([ 13225., -19868.,  15981.,  -4470.,  -6152.,   3631.,   -888.,
         1536.,   -972.,   -202.]), array([  7477., -24069.,  12314.,  -1347.,  -1117.,   4203.,   3783.,
        -2485.,   2304.,    455.]), array([ 12677., -14533.,  14471.,  -5482.,  -8374.,   4388.,  -3919.,
         3728.,  -2573.,   -542.]), array([  9715., -25009.,  17005.,  10721.,  -2958.,   1626.,   -677.,
         1378.,   -590.,   -156.]), array([  9569., -21827.,  12005.,    192.,    789.,   1020.,   5502.,
        -3249.,   2579.,    542.]), array([ 16464., -19991.,  18643.,   7897.,  -5262.,   -795.,  -1428.,
         3520.,  -2459.,   -506.]), array([ 18801., -19528.,  20164.,   -676.,  -8501.,   3149.,  -2460.,
         4567.,  -2875.,   -615.]), array([ 13961., -16617.,  16074.,  -5735.,  -4855.,   2603.,  -1061.,
         1566.,   -913.,   -201.]), array([  9703., -23029.,  10592.,   6271.,  -2223.,   1779.,   5284.,
        -1481.,   1289.,    290.]), array([ 15103., -24286.,  21175.,   5385.,  -1979.,   -298.,    104.,
          559.,   -258.,    -65.]), array([ 11662., -15721.,  15308.,  -4273.,  -4268.,   1820.,  -2729.,
         1797.,  -1239.,   -271.]), array([ 17185., -13421.,  15443.,  -6952.,  -8725.,   3740.,  -1680.,
         3654.,  -2474.,   -504.]), array([  9944., -18048.,  17939.,   4207.,    353.,  -2517.,  -2761.,
          398.,   -507.,   -118.]), array([ 16325., -20708.,  22132.,   5823.,  -5214.,   -496.,  -3906.,
         3433.,  -2611.,   -543.]), array([ 13930., -16429.,  24236.,   3075.,  -4226.,   -958.,  -9940.,
         5498.,  -3901.,   -875.]), array([ 16459., -15746.,  18910.,  -7391.,  -5659.,   1501.,  -3268.,
         3070.,  -2061.,   -445.]), array([  9541., -22716.,  15817.,   4527.,     81.,     33.,   1711.,
        -1575.,   1173.,    241.]), array([ 14362., -21604.,  20238.,   3341.,  -5550.,   1743.,  -3901.,
         3297.,  -2191.,   -482.]), array([ 12614., -25774.,  12231.,   9747.,  -2106.,   1694.,   7289.,
         -551.,   1268.,    252.]), array([ 13009., -18332.,  16007.,  -8874.,  -3556.,   2503.,   -199.,
          499.,    -67.,    -33.]), array([ 14883., -20427.,  23207.,   1413.,  -1386.,   -928.,  -3889.,
         2097.,  -1226.,   -308.]), array([ 16502., -16338.,  21994.,   -794.,  -7154.,   1012.,  -7325.,
         5853.,  -4008.,   -875.]), array([ 13588., -12165.,  12849.,   3775., -11887.,   4446.,  -5734.,
         7618.,  -5123.,  -1081.]), array([  8694., -21682.,  12253.,  -2047.,   1571.,   1636.,   5148.,
        -3035.,   2817.,    554.]), array([ 16626., -22062.,  15884.,   3889.,  -8831.,   4200.,   1084.,
         3165.,  -1908.,   -384.]), array([ 11760., -20629.,  13573.,   3095.,  -1650.,    495.,   4058.,
        -1649.,   1112.,    265.]), array([ 11644., -28147.,  18448.,   8527.,  -1107.,   1048.,   2007.,
         -321.,    751.,    123.]), array([ 15263., -23929.,  15873.,  11872.,  -6872.,   3644.,   2225.,
         3854.,  -1672.,   -390.]), array([ 14310., -20216.,  16313.,   2982.,  -9170.,   4737.,  -2076.,
         4290.,  -2666.,   -568.]), array([ 13643., -17066.,  19026.,    220.,  -6689.,    861.,  -6040.,
         3827.,  -3126.,   -642.]), array([ 17214., -16311.,  23949.,   -566.,  -2674.,  -2148.,  -5853.,
         3200.,  -2433.,   -532.]), array([ 10250., -19422.,  15098.,   8020.,  -6039.,   2434.,  -3528.,
         4450.,  -2636.,   -596.]), array([ 1.2247e+04, -2.3320e+04,  1.7213e+04, -1.0010e+03, -1.9090e+03,
        2.5720e+03,  1.3240e+03,  1.0000e+00,  6.9300e+02,  9.6000e+01]), array([ 18090., -20219.,  22257.,   8784.,  -9132.,   1455.,  -6272.,
         6931.,  -4717.,  -1009.]), array([ 20259., -12775.,  24161., -10258.,  -7107.,    364.,  -8152.,
         5043.,  -3887.,   -821.]), array([ 16286., -22001.,  21003.,  -1167.,  -3851.,    447.,  -1579.,
         1450.,  -1038.,   -220.]), array([ 17404., -23330.,  20829.,   -187.,  -5398.,   3293.,     53.,
         2350.,   -964.,   -242.]), array([ 18296., -19387.,  18205.,   4239.,  -7821.,   2143.,   -533.,
         4145.,  -2600.,   -542.]), array([ 12881., -19087.,  16431.,   -816.,  -5143.,   2828.,  -1888.,
         2237.,  -1292.,   -293.]), array([ 14855., -17432.,  20656.,  -7199.,  -3969.,   2877.,  -4008.,
         2942.,  -1389.,   -367.]), array([ 16754., -26256.,  23914.,    883.,  -2745.,    917.,  -1020.,
          796.,   -326.,    -95.]), array([ 2.0793e+04, -1.4068e+04,  2.3695e+04,  4.9340e+03, -1.0385e+04,
        3.0000e+00, -9.4360e+03,  9.1140e+03, -6.4570e+03, -1.3700e+03]), array([ 12866., -24982.,  19757.,   1443.,    307.,    294.,   1897.,
        -1104.,   1264.,    226.]), array([ 16714., -18878.,  24492.,   5592.,  -4579.,   -766.,  -6537.,
         4616.,  -3235.,   -712.]), array([ 16703., -16794.,  18310.,  -3729.,  -7986.,   3935.,  -3793.,
         5311.,  -3019.,   -687.]), array([ 15977., -24648.,  18803.,   2056.,  -6690.,   4500.,     76.,
         3085.,  -1318.,   -323.]), array([ 19027., -22348.,  22546.,   5277.,  -5683.,    187.,  -1750.,
         3161.,  -2206.,   -457.]), array([ 15677., -22033.,  17413.,   8341.,  -7214.,   3535.,    367.,
         3934.,  -2013.,   -452.]), array([  7652., -26755.,  13814.,   3253.,   3265.,    682.,   6449.,
        -4527.,   3735.,    756.]), array([ 11554., -13876.,  12878.,  -9202.,  -7829.,   4921.,  -2809.,
         2733.,  -1835.,   -386.]), array([ 14797., -16551.,  15470.,   6894.,  -9432.,   2683.,  -3528.,
         5909.,  -3956.,   -830.]), array([ 21326., -10642.,  21385.,    202., -14005.,   2731.,  -9990.,
        10089.,  -7248.,  -1515.]), array([ 1.5010e+04, -2.1424e+04,  1.7913e+04, -3.5960e+03, -4.5300e+03,
        4.0400e+03,  1.1060e+03,  7.5200e+02,  4.2000e+01, -2.0000e+01]), array([  9866., -23145.,  18092.,   5961.,   1495.,  -2086.,    411.,
        -1609.,    977.,    202.]), array([ 12030., -13337.,  14432.,   2487.,  -8401.,   3735.,  -5196.,
         6132.,  -3774.,   -837.]), array([ 11791., -19921.,  17213.,   2810.,  -3985.,   1347.,  -2730.,
         1991.,  -1341.,   -297.]), array([ 16657., -14773.,  19415.,   2702., -10436.,   3238.,  -7809.,
         8228.,  -5343.,  -1167.]), array([ 21320., -24259.,  22994.,    925.,  -7945.,   2038.,  -1301.,
         3646.,  -2429.,   -501.]), array([ 16116., -16606.,  21507.,  -4686.,  -5607.,   1465.,  -5876.,
         3649.,  -2588.,   -567.]), array([ 18013., -16559.,  17357.,    536., -11807.,   5619.,  -3470.,
         6787.,  -4173.,   -898.]), array([ 14570., -20176.,  22404.,   5480.,  -1382.,   -257.,  -2916.,
         3108.,  -1364.,   -373.]), array([ 15331., -21243.,  14918.,   1052.,  -5279.,   3086.,   2416.,
         2162.,   -703.,   -177.]), array([ 15001., -18753.,  19558.,  -2858.,  -3798.,    673.,  -2686.,
         1912.,  -1313.,   -289.]), array([ 15732., -18904.,  18763.,   2976.,  -6582.,   2440.,  -3338.,
         4922.,  -2822.,   -642.]), array([ 12094., -23538.,  15341.,  -1869.,   -638.,   1539.,   3573.,
        -1912.,   1720.,    347.]), array([ 1.2567e+04, -1.9253e+04,  1.9125e+04, -2.2340e+03, -1.0700e+02,
       -5.3000e+02, -1.1050e+03, -3.4000e+01,  2.2300e+02,  1.3000e+01]), array([ 11946., -23623.,  17191.,  10158.,  -4959.,   3108.,   -808.,
         3291.,  -1464.,   -366.]), array([ 17439., -17923.,  19387.,  -3456.,  -7872.,   3473.,  -3104.,
         4275.,  -2635.,   -576.]), array([ 16591., -27439.,  24105.,    858.,  -2398.,   1699.,   -634.,
         1008.,    -86.,    -75.]), array([ 15355., -21871.,  17610.,   7050.,  -2746.,   1020.,   2882.,
         1324.,   -182.,    -70.]), array([  9484., -19749.,  11344.,   1904.,  -6529.,   3772.,   -381.,
         1882.,  -1211.,   -245.]), array([ 13725., -16718.,  18322.,    257.,  -7987.,   2057.,  -6749.,
         5315.,  -3808.,   -812.]), array([ 16173., -19848.,  17822.,   4203.,  -7645.,   2741.,  -1819.,
         4397.,  -2678.,   -578.]), array([ 19632., -13609.,  20240.,  -6878., -11974.,   4549.,  -6601.,
         6832.,  -4758.,  -1000.]), array([  9225., -25629.,  16555.,   3272.,   2834.,   -154.,   4106.,
        -3332.,   2781.,    551.]), array([ 17514., -22317.,  16834.,   -787.,  -3961.,   2326.,   4281.,
          598.,    282.,     45.]), array([ 16590., -19844.,  20259.,  -5381.,  -4820.,    614.,  -2620.,
         1761.,  -1466.,   -296.]), array([ 14569., -19263.,  15643.,  -5062.,  -7817.,   4790.,  -1180.,
         2874.,  -1649.,   -358.]), array([ 15905., -18839.,  20985.,   2119.,  -4499.,   1053.,  -3153.,
         3325.,  -1994.,   -455.]), array([ 17584., -15462.,  20042.,   1784., -10023.,   1906.,  -7417.,
         7134.,  -5063.,  -1069.]), array([ 13578., -23661.,  15410.,   2589.,  -7200.,   5100.,   1076.,
         2341.,  -1010.,   -232.]), array([ 16687., -21311.,  19541.,   4420.,  -7189.,   2569.,  -2253.,
         4308.,  -2590.,   -568.]), array([ 1.1537e+04, -2.0492e+04,  1.7148e+04, -3.0500e+02, -1.5610e+03,
        7.9800e+02, -3.1100e+02, -2.2000e+01,  1.8400e+02,  1.9000e+01]), array([ 13738., -14214.,  15075.,  -8130.,  -7506.,   3815.,  -3442.,
         3105.,  -2167.,   -455.]), array([ 18886., -16761.,  22506.,   7012.,  -9724.,   1262.,  -8148.,
         8485.,  -5676.,  -1229.]), array([ 14063., -21212.,  16930.,   6689.,  -2771.,    421.,   1680.,
         1044.,   -377.,    -89.]), array([ 15913., -14764.,  20675.,   2894.,  -5938.,   1027.,  -6216.,
         6431.,  -3833.,   -879.]), array([ 12653., -18685.,  15207.,  -5127.,  -2416.,   2694.,   1014.,
          428.,    374.,     33.]), array([ 17719., -22643.,  18507.,  -1706.,  -3503.,    872.,   2855.,
           84.,    135.,     41.]), array([ 1.1524e+04, -2.2232e+04,  1.5260e+04, -3.7390e+03, -4.8380e+03,
        4.0790e+03,  3.1800e+02,  1.0000e+00,  1.1500e+02,  2.5000e+01]), array([ 17145., -19899.,  16962.,   6864.,  -9692.,   4484.,   -963.,
         5499.,  -3157.,   -685.]), array([ 18493., -22438.,  21317.,   -849., -10114.,   4145.,  -3675.,
         4338.,  -3117.,   -639.]), array([ 20253., -21550.,  23395.,  -4536.,  -5979.,   2365.,  -1515.,
         2840.,  -1598.,   -360.]), array([ 13529., -26462.,  15853.,   1179.,  -3131.,   3178.,   4481.,
        -1204.,   1298.,    270.]), array([ 19123., -17320.,  18724.,  -1710.,  -8756.,   3239.,  -2003.,
         4646.,  -2926.,   -620.]), array([ 11508., -23710.,  17615.,   7444.,   -302.,    460.,   1951.,
          170.,    616.,     77.]), array([ 14347., -14605.,  21059., -10618.,  -4684.,    780.,  -7162.,
         2518.,  -2230.,   -473.]), array([ 16972., -20983.,  22934.,  -4139.,  -6083.,   2245.,  -3910.,
         2222.,  -1771.,   -368.]), array([ 12264., -23422.,  20444.,   7909.,  -1701.,    145.,  -1846.,
         1998.,   -864.,   -239.]), array([ 12543., -17516.,  17340.,    -59.,  -6681.,   3741.,  -3979.,
         3854.,  -2321.,   -525.]), array([ 15867., -17823.,  22873.,  -7204.,  -5075.,   1498.,  -6025.,
         2715.,  -2095.,   -457.]), array([ 15995., -15353.,  18147.,  -3568.,  -8291.,   2455.,  -5387.,
         5270.,  -3593.,   -769.]), array([ 15814., -20029.,  15725.,   4711.,  -6338.,   2014.,    834.,
         2942.,  -1698.,   -355.]), array([ 11400., -18822.,  12535.,   4658.,  -5763.,   2766.,    113.,
         2463.,  -1385.,   -297.]), array([ 14062., -16223.,  17285.,   4944.,  -6425.,    -95.,  -5036.,
         4998.,  -3585.,   -756.]), array([ 19451., -18253.,  20124.,   1220.,  -9492.,   3483.,  -3421.,
         5569.,  -3566.,   -762.]), array([ 20321., -15851.,  23996.,  -1001.,  -9726.,   1213.,  -8772.,
         7677.,  -5394.,  -1154.]), array([ 18403., -15306.,  17727.,  -2919., -10755.,   4985.,  -3821.,
         6117.,  -3831.,   -824.]), array([  8780., -24848.,  15755.,   7141.,   2199.,   -790.,   3690.,
        -2742.,   2182.,    442.]), array([ 14519., -26741.,  21567.,   6609.,  -3057.,    108.,   -989.,
         1247.,   -784.,   -176.]), array([ 20007., -20291.,  23848.,   1513.,  -4488.,    421.,  -1823.,
         3302.,  -1886.,   -429.]), array([ 13977., -20767.,  12709.,    -48.,  -5339.,   3417.,   3138.,
         1544.,   -370.,    -94.]), array([  7422., -26689.,  14396.,  -3721.,   4094.,   1478.,   6306.,
        -5455.,   4482.,    897.]), array([ 1.1787e+04, -2.2392e+04,  1.6383e+04, -2.2000e+01, -2.0730e+03,
        5.0700e+02,  4.9300e+02, -8.2800e+02,  3.8100e+02,  9.7000e+01]), array([ 18614., -22601.,  18793.,  -1155.,  -5474.,   1564.,   1857.,
          933.,   -644.,   -106.]), array([ 17334., -23544.,  21007.,   4413.,  -6695.,   2803.,  -1289.,
         3153.,  -1881.,   -409.]), array([ 11497., -21962.,  16115.,   3647.,  -5032.,   3632.,   -645.,
         2150.,   -935.,   -234.]), array([ 8.8310e+03, -1.5374e+04,  1.4607e+04, -6.9290e+03, -1.5290e+03,
        1.5700e+03, -2.1430e+03, -1.6100e+02,  1.4300e+02,  7.0000e+00]), array([ 14917., -13951.,  22717.,  -4309.,  -5144.,   -630.,  -9218.,
         4533.,  -3615.,   -775.]), array([ 14138., -19179.,  16969.,  -2462.,  -1437.,    372.,   1300.,
          -49.,    352.,     56.]), array([ 19641., -25102.,  26686.,    406.,  -4366.,    697.,  -2986.,
         2566.,  -1594.,   -364.]), array([ 10708., -19489.,  19661.,    463.,  -2308.,    567.,  -4599.,
         1644.,  -1141.,   -275.]), array([ 21192., -14573.,  22467.,  -7047.,  -9900.,   2252.,  -6118.,
         5451.,  -4135.,   -848.]), array([ 14906., -22069.,  18848.,   -827.,  -7798.,   3672.,  -2530.,
         2585.,  -1928.,   -390.]), array([ 11388., -20879.,  13655.,   3235.,   -300.,   1159.,   4774.,
        -1325.,   1571.,    306.]), array([ 17788., -11978.,  18282.,  -5685.,  -9898.,   2373.,  -6305.,
         5621.,  -4279.,   -876.]), array([ 17122., -24648.,  22801.,   9107.,  -1322.,  -2357.,    318.,
          946.,   -619.,   -132.]), array([ 13188., -24116.,  16664.,   2897.,   -941.,   -649.,   3230.,
        -1810.,   1103.,    262.]), array([ 14043., -15795.,  12696.,  -1893.,  -7853.,   4064.,   -639.,
         3789.,  -2148.,   -465.]), array([ 16769., -19308.,  19414.,   4113.,  -5253.,    505.,  -1366.,
         2865.,  -1947.,   -405.]), array([ 1.7326e+04, -2.6350e+04,  2.1614e+04,  5.8000e+03, -1.6400e+03,
       -1.5000e+02,  2.3300e+03,  3.8500e+02,  2.2400e+02,  2.3000e+01]), array([  7865., -12188.,  14648.,   -643.,  -6049.,   1699.,  -7934.,
         3887.,  -3161.,   -667.]), array([ 10154., -18167.,  13340.,   5597.,  -3110.,   1329.,    167.,
         1223.,   -600.,   -138.]), array([ 14930., -16250.,  19448.,  -4259.,  -6867.,   4068.,  -5168.,
         4922.,  -2752.,   -648.]), array([ 18931., -21670.,  22870.,   4831.,  -5922.,   1164.,  -2185.,
         3811.,  -2348.,   -514.]), array([ 16544., -16498.,  21809.,  -7056.,  -8147.,   3299.,  -7062.,
         4562.,  -3291.,   -708.]), array([ 12348., -20652.,   9484.,    -32.,  -4589.,   3919.,   6751.,
        -1104.,   1204.,    280.]), array([ 18583., -10537.,  22440.,    517., -12745.,   2040., -12576.,
         9907.,  -7327.,  -1542.]), array([ 13608., -20100.,  16075.,   7192.,  -3776.,    432.,    499.,
         1898.,  -1087.,   -232.]), array([ 10878., -17835.,  15849.,  -5507.,  -5602.,   2671.,  -4278.,
         1738.,  -1537.,   -315.]), array([ 14347., -19217.,  17783.,   6275.,  -5138.,   2618.,  -1228.,
         4021.,  -1909.,   -464.]), array([ 18102., -15813.,  21126.,  -3297.,  -7008.,   2584.,  -4979.,
         5694.,  -3307.,   -758.]), array([ 10092., -19090.,  18172.,   1086.,  -1792.,   1088.,  -4053.,
         2358.,  -1098.,   -306.]), array([ 19809., -15764.,  22794.,   3601., -11042.,   1499.,  -9063.,
         8812.,  -6151.,  -1310.]), array([ 21833., -17370.,  20796.,  -6327.,  -9808.,   3503.,  -1984.,
         4184.,  -2912.,   -589.]), array([ 16443., -24167.,  21387.,   5833.,  -2928.,    773.,    226.,
         2077.,   -775.,   -210.]), array([ 18937., -14372.,  23389.,   2961.,  -6676.,   -357.,  -7448.,
         6871.,  -4578.,  -1005.]), array([ 10701., -19592.,  12958.,   -647.,  -5777.,   3421.,   -633.,
         1631.,   -997.,   -209.]), array([ 12920., -17526.,  17931.,  -2371.,  -7493.,   2747.,  -5498.,
         3419.,  -2734.,   -563.]), array([ 12956., -22636.,  18141.,  -2491.,   -769.,    347.,   1595.,
        -1187.,    996.,    199.]), array([ 11921., -17079.,  15679.,  -2864.,  -5140.,   3146.,  -2745.,
         2666.,  -1485.,   -348.]), array([ 1.5012e+04, -2.2349e+04,  1.7430e+04,  7.4000e+01, -3.4690e+03,
        9.6200e+02,  1.4710e+03, -1.0300e+02,  6.0000e+00,  2.3000e+01]), array([ 17555., -24460.,  23978.,    861.,  -3923.,   1649.,  -1718.,
         2188.,  -1051.,   -265.]), array([ 15627., -19209.,  19543.,   2559.,  -7284.,   3040.,  -3197.,
         4434.,  -2689.,   -595.]), array([ 19557., -21829.,  24707.,   6993.,  -3897.,  -2157.,  -2498.,
         3009.,  -2262.,   -468.]), array([ 13690., -19450.,  18650.,  -5188.,  -4983.,   3209.,  -2820.,
         2196.,  -1197.,   -288.]), array([ 13019., -21151.,  16788.,    240.,  -5417.,   1827.,  -1489.,
         1593.,  -1266.,   -250.]), array([ 11627., -21987.,  16324.,  -3175.,  -2694.,   2550.,   1055.,
         -754.,    703.,    140.]), array([ 14535., -18101.,  18506.,   4443.,  -7354.,   1628.,  -4162.,
         4461.,  -3159.,   -663.]), array([ 16721., -22193.,  25694.,  -3108.,  -2778.,    557.,  -4365.,
         1678.,  -1113.,   -271.]), array([ 14033., -20438.,  18579.,  -1561.,  -2950.,    612.,  -1276.,
          685.,   -534.,   -114.]), array([ 13110., -24632.,  15343.,   7160.,  -5174.,   4221.,   2547.,
         2043.,   -431.,   -137.]), array([ 19263., -20965.,  23965.,  -2171.,  -6862.,   1808.,  -4645.,
         4417.,  -2874.,   -632.]), array([ 14056., -17669.,  13729.,  -1659.,  -8147.,   4229.,   -891.,
         3119.,  -1975.,   -408.]), array([ 12290., -18867.,  20688.,  -1425.,  -2856.,   1465.,  -4883.,
         2714.,  -1467.,   -376.]), array([ 19132., -21444.,  23840.,   6381.,  -3524.,  -1392.,  -1808.,
         3119.,  -1973.,   -433.]), array([ 10802., -23783.,  12373.,  10750.,    -72.,    368.,   6268.,
         -804.,   1437.,    272.]), array([ 14256., -17102.,  20870.,   6019.,  -6825.,   1921.,  -7392.,
         6570.,  -4088.,   -927.]), array([ 11943., -26707.,  18762.,  11798.,  -2657.,   2323.,    905.,
         1717.,   -265.,   -122.]), array([ 16771., -15598.,  17303.,    144.,  -8281.,   1296.,  -3627.,
         4311.,  -3338.,   -668.]), array([ 19596., -19207.,  21649.,  -3960.,  -6270.,   1851.,  -1842.,
         3446.,  -2064.,   -453.]), array([ 14121., -21968.,  14879.,   8656.,  -6964.,   3239.,   1417.,
         2876.,  -1555.,   -327.]), array([ 1.4664e+04, -1.9945e+04,  1.3990e+04, -3.4320e+03, -4.7410e+03,
        3.5940e+03,  3.1940e+03,  7.2900e+02,  1.2600e+02,  1.2000e+01]), array([ 14338., -22996.,  13784.,   5149.,  -5422.,   3663.,   4333.,
         1488.,   -202.,    -60.]), array([ 17486., -20947.,  19153.,   2296.,  -6138.,   4030.,    796.,
         3188.,  -1277.,   -318.]), array([ 12374., -24760.,  21496.,   2167.,    824.,    126.,    121.,
         -624.,    979.,    146.]), array([ 20170., -16634.,  21444.,  -4664.,  -9538.,   2937.,  -5570.,
         6276.,  -4112.,   -888.]), array([ 14591., -22570.,  20799.,  -3228.,  -3040.,   1426.,  -1494.,
          384.,   -255.,    -65.]), array([ 17466., -18127.,  20062.,   4768.,  -8185.,   2427.,  -3563.,
         5664.,  -3526.,   -768.]), array([ 15881., -21992.,  18766.,   9660.,  -7139.,   2961.,  -1132.,
         4260.,  -2415.,   -534.]), array([ 12597., -25884.,  14026.,    710.,   -857.,   2028.,   6882.,
        -2973.,   2516.,    535.]), array([ 15146., -22123.,  17862.,  -5528.,  -2624.,    705.,   2066.,
        -1581.,    807.,    208.]), array([ 14556., -23685.,  13715.,   1401.,  -4458.,   3874.,   5416.,
           57.,    742.,    144.]), array([ 11988., -23114.,  15256.,   4342.,   -918.,    -46.,   3686.,
        -2025.,   1301.,    303.]), array([ 12120., -17568.,  14383.,   -839.,  -2176.,    236.,    406.,
          683.,   -276.,    -68.]), array([ 15466., -24854.,  17309.,   4726.,  -2741.,    979.,   3953.,
         -482.,    607.,    138.]), array([ 16838., -20937.,  19526.,   8247.,  -9165.,   2451.,  -3632.,
         5563.,  -3754.,   -789.]), array([  8612., -21693.,  14922.,  -1643.,     45.,   1936.,   1127.,
         -900.,   1304.,    215.]), array([ 19751., -14430.,  18041.,  -5147., -10814.,   4058.,  -3506.,
         5700.,  -3828.,   -797.]), array([ 19391., -24903.,  20652.,   2728.,  -5611.,   1406.,   1655.,
         1516.,   -926.,   -176.]), array([  8084., -21607.,  10144.,   3312.,  -3533.,   4339.,   3751.,
         -467.,    942.,    181.]), array([ 20741., -14719.,  20527.,  -7431., -11023.,   4353.,  -4745.,
         6013.,  -4027.,   -850.]), array([ 13464., -15046.,  16429.,    911.,  -6178.,    806.,  -4547.,
         4374.,  -3054.,   -651.]), array([  9531., -23450.,  14650.,  -5111.,   1222.,   1760.,   4638.,
        -3770.,   3019.,    616.]), array([ 14010., -19208.,  19687.,    699.,    186.,  -1495.,   -203.,
          -93.,    204.,     21.]), array([ 18888., -23252.,  26255.,   4928.,  -7206.,    755.,  -6419.,
         5414.,  -3753.,   -813.]), array([ 21057., -12844.,  22818.,  -1591.,  -9657.,   1180.,  -7287.,
         7191.,  -5090.,  -1075.]), array([ 14076., -18020.,  17318.,   1433.,  -4903.,   1713.,  -2062.,
         3513.,  -1915.,   -444.]), array([ 23291., -21358.,  25789.,  -1932.,  -7518.,   1688.,  -2835.,
         4886.,  -2969.,   -652.]), array([ 15054., -16850.,  20932.,   6324.,  -6228.,    566.,  -6767.,
         5609.,  -3819.,   -836.]), array([  9640., -24029.,  13711.,  10990.,   1210.,  -1033.,   4415.,
        -1399.,   1458.,    287.]), array([ 11358., -24389.,  18522.,   9996.,  -1809.,   1604.,    -51.,
         1834.,   -361.,   -151.]), array([ 14383., -18561.,  18038.,  -1041.,  -5155.,   2067.,  -1940.,
         2313.,  -1463.,   -319.]), array([ 11533., -14602.,  13290.,   1230.,  -6852.,   3264.,  -2817.,
         3745.,  -2372.,   -513.]), array([ 13352., -16494.,  13564.,   -588.,  -7780.,   3203.,  -1559.,
         3052.,  -2175.,   -436.]), array([ 12526., -20918.,  16314.,   5049.,   -693.,    -26.,   2003.,
          120.,    418.,     58.]), array([ 17422., -17896.,  17950.,  -1421., -11107.,   5423.,  -4277.,
         6386.,  -3953.,   -858.]), array([ 14987., -27595.,  17203.,   1967.,  -1970.,   2356.,   5380.,
        -1094.,   1533.,    297.]), array([ 14376., -16866.,  19172.,   1971.,  -4577.,    633.,  -4424.,
         4211.,  -2582.,   -588.]), array([ 12243., -20311.,  15004.,   -191.,  -2076.,   1448.,   2438.,
         -259.,    588.,    109.]), array([ 19635., -21407.,  23412.,  -3462.,  -4373.,   1547.,   -919.,
         2064.,  -1040.,   -247.]), array([ 15309., -19829.,  17611.,   6776.,  -3746.,    481.,    893.,
         2224.,  -1112.,   -250.]), array([ 14819., -23615.,  19132.,  11692.,  -4696.,    170.,   -771.,
         2749.,  -1791.,   -377.]), array([ 15946., -18905.,  20476.,   1357.,  -8596.,   2880.,  -6275.,
         6101.,  -3964.,   -870.]), array([ 1.0761e+04, -1.8454e+04,  1.5164e+04,  2.4500e+02, -1.3200e+03,
        3.3900e+02,  3.0800e+02,  2.9900e+02,  8.3000e+01, -6.0000e+00]), array([ 16606., -13484.,  18735.,  -5058.,  -8282.,   1821.,  -6068.,
         4573.,  -3588.,   -735.]), array([ 12306., -23149.,  16452.,   3863.,  -1914.,    222.,   1586.,
         -554.,    376.,     90.]), array([ 10889., -19214.,  14405.,   6547.,  -6727.,   1807.,  -2991.,
         3359.,  -2501.,   -511.]), array([ 13046., -26004.,  14763.,   2754.,  -1628.,   2760.,   5784.,
         -976.,   1657.,    309.]), array([ 1.1734e+04, -2.2210e+04,  1.3031e+04,  5.1100e+02, -5.9120e+03,
        5.6220e+03,  2.5610e+03,  1.1220e+03, -1.3000e+01, -3.0000e+01]), array([ 12618., -17256.,  15452.,  -1256.,  -6424.,   3346.,  -3330.,
         4023.,  -2305.,   -527.]), array([ 17027., -24444.,  20020.,  10770.,  -5372.,   1598.,    657.,
         3215.,  -1627.,   -368.]), array([ 14883., -20068.,  19705.,   3802.,  -3953.,    816.,  -2452.,
         3165.,  -1771.,   -414.]), array([ 14903., -21460.,  18934.,   4371.,  -7841.,   3009.,  -3798.,
         4903.,  -3056.,   -671.]), array([ 15162., -24516.,  19803.,    279.,  -4217.,   3780.,    590.,
         1389.,   -188.,    -91.]), array([ 14680., -14811.,  14944.,   1980.,  -8875.,   3569.,  -3019.,
         5163.,  -3306.,   -704.]), array([ 10703., -22108.,  19445.,   8861.,  -3265.,   -197.,  -4534.,
         2811.,  -1973.,   -441.]), array([ 14697., -26283.,  21608.,   -117.,   -924.,   1206.,    703.,
         -377.,    788.,    119.]), array([ 21794., -24816.,  26259.,   1242.,  -3322.,   -441.,   -331.,
         1748.,   -970.,   -220.]), array([ 12134., -14255.,  15237.,   2902.,  -6857.,   2345.,  -4282.,
         4525.,  -3000.,   -648.]), array([ 15787., -16883.,  16334.,   8115.,  -7765.,   2169.,  -2737.,
         6405.,  -3698.,   -824.]), array([ 14779., -19284.,  19161.,  -3024.,  -2998.,     44.,  -1802.,
         1055.,   -832.,   -176.]), array([  9383., -14018.,  11809.,  -4185.,  -3972.,   2915.,  -1246.,
         1563.,   -742.,   -183.]), array([ 18883., -20829.,  19549.,   3241.,  -9755.,   4139.,  -1489.,
         4897.,  -3026.,   -640.]), array([ 18045., -13242.,  18303.,  -6107., -11699.,   4692.,  -6858.,
         7167.,  -4834.,  -1031.]), array([ 21176., -12816.,  23764.,  -4114.,  -8486.,    165.,  -7875.,
         6827.,  -4900.,  -1040.]), array([ 14675., -14723.,  21394.,   1063.,  -6864.,   1378.,  -8556.,
         5744.,  -4053.,   -886.]), array([ 18413., -17063.,  21219.,   -500.,  -8744.,   1695.,  -5570.,
         5532.,  -3957.,   -830.])]